id,time,vol
HCP91A,1514658596266,17.0
HCP91A,1514662199346,16.0
HCP91A,1514665805873,16.0
HCP91A,1514669396454,16.0
HCP91A,1514672997376,17.0
HCP91A,1514676596041,16.0
HCP91A,1514680198695,17.0
HCP91A,1514683800148,16.0
HCP91A,1514687399795,16.0
HCP91A,1514690999894,17.0
HCP91A,1514694601709,17.0
HCP91A,1514698201936,16.0
HCP91A,1514701799400,17.0
HCP91A,1514705399482,17.0
HCP91A,1514708998141,16.0
HCP91A,1514712602244,16.0
HCP91A,1514716198733,17.0
HCP91A,1514719796312,17.0
HCP91A,1514723399477,17.0
HCP91A,1514726997611,17.0
HCP91A,1514730605471,16.0
HCP91A,1514734201508,17.0
HCP91A,1514737802468,16.0
HCP91A,1514741403828,17.0
HCP91A,1514745003999,17.0
HCP91A,1514748603333,17.0
HCP91A,1514752201644,16.0
HCP91A,1514755803551,17.0
HCP91A,1514759397712,16.0
HCP91A,1514763005460,17.0
HCP91A,1514766597505,17.0
HCP91A,1514770202044,16.0
HCP91A,1514773803764,17.0
HCP91A,1514777402972,16.0
HCP91A,1514781003702,16.0
HCP91A,1514784602209,17.0
HCP91A,1514788200579,17.0
HCP91A,1514791796394,16.0
HCP91A,1514795400676,16.0
HCP91A,1514799003362,16.0
HCP91A,1514802602358,16.0
HCP91A,1514806197179,17.0
HCP91A,1514809801636,16.0
HCP91A,1514813396808,17.0
HCP91A,1514817001589,17.0
HCP91A,1514820602627,17.0
HCP91A,1514824202482,17.0
HCP91A,1514827796316,16.0
HCP91A,1514831396735,17.0
HCP91A,1514834999938,16.0
HCP91A,1514838604009,16.0
HCP91A,1514842201786,17.0
HCP91A,1514845799184,16.0
HCP91A,1514849398014,17.0
HCP91A,1514852998459,17.0
HCP91A,1514856600001,17.0
HCP91A,1514860203209,17.0
HCP91A,1514863796382,16.0
HCP91A,1514867404824,17.0
HCP91A,1514871000303,17.0
HCP91A,1514874604494,16.0
HCP91A,1514878197850,17.0
HCP91A,1514881800836,17.0
HCP91A,1514885403239,17.0
HCP91A,1514888996529,16.0
HCP91A,1514892601517,16.0
HCP91A,1514896199667,16.0
HCP91A,1514899798476,17.0
HCP91A,1514903398153,17.0
HCP91A,1514907004677,17.0
HCP91A,1514910605789,17.0
HCP91A,1514914200629,16.0
HCP91A,1514917798159,17.0
HCP91A,1514921397952,16.0
HCP91A,1514925002444,16.0
HCP91A,1514928599657,16.0
HCP91A,1514932199788,16.0
HCP91A,1514935801438,16.0
HCP91A,1514939403819,16.0
HCP91A,1514943004913,16.0
HCP91A,1514946600254,16.0
HCP91A,1514950201619,17.0
HCP91A,1514953796902,17.0
HCP91A,1514957402811,17.0
HCP91A,1514961004114,16.0
HCP91A,1514964602083,16.0
HCP91A,1514968199086,17.0
HCP91A,1514971801811,16.0
HCP91A,1514975398474,16.0
HCP91A,1514979002021,16.0
HCP91A,1514982597476,17.0
HCP91A,1514986205673,17.0
HCP91A,1514989805782,17.0
HCP91A,1514993400659,17.0
HCP91A,1514997004219,17.0
HCP91A,1515000605871,17.0
HCP91A,1515004197595,17.0
HCP91A,1515007798054,16.0
HCP91A,1515011401144,17.0
HCP91A,1515014998569,16.0
HCP91A,1515018597793,16.0
HCP91A,1515022202444,16.0
HCP91A,1515025798386,16.0
HCP91A,1515029399917,16.0
HCP91A,1515033004670,17.0
HCP91A,1515036598435,17.0
HCP91A,1515040201812,17.0
HCP91A,1515043802211,16.0
HCP91A,1515047402990,16.0
HCP91A,1515051000108,17.0
HCP91A,1515054601560,16.0
HCP91A,1515058197508,17.0
HCP91A,1515061805612,17.0
HCP91A,1515065405179,16.0
HCP91A,1515069004635,17.0
HCP91A,1515072601900,16.0
HCP91A,1515076198775,16.0
HCP91A,1515079804883,17.0
HCP91A,1515083404333,17.0
HCP91A,1515087001865,17.0
HCP91A,1515090600976,17.0
HCP91A,1515094203660,17.0
HCP91A,1515097798896,16.0
HCP91A,1515101398427,17.0
HCP91A,1515105003688,16.0
HCP91A,1515108599295,16.0
HCP91A,1515112204646,16.0
HCP91A,1515115800644,16.0
HCP91A,1515119405684,17.0
HCP91A,1515123002230,16.0
HCP91A,1515126597733,16.0
HCP91A,1515130198423,17.0
HCP91A,1515133805242,16.0
HCP91A,1515137397742,17.0
HCP91A,1515141003427,17.0
HCP91A,1515144601115,16.0
HCP91A,1515148203107,17.0
HCP91A,1515151803237,17.0
HCP91A,1515155398124,16.0
HCP91A,1515158998838,17.0
HCP91A,1515162603689,16.0
HCP91A,1515166197886,17.0
HCP91A,1515169799497,16.0
HCP91A,1515173401299,17.0
HCP91A,1515177004680,16.0
HCP91A,1515180597290,16.0
HCP91A,1515184200040,16.0
HCP91A,1515187800015,17.0
HCP91A,1515191401422,17.0
HCP91A,1515195004735,16.0
HCP91A,1515198603225,16.0
HCP91A,1515202198869,16.0
HCP91A,1515205799036,16.0
HCP91A,1515209404546,17.0
HCP91A,1515213003772,17.0
HCP91A,1515216601399,17.0
HCP91A,1515220199924,16.0
HCP91A,1515223804654,16.0
HCP91A,1515227400853,17.0
HCP91A,1515230999062,17.0
HCP91A,1515234596379,17.0
HCP91A,1515238197773,16.0
HCP91A,1515241797114,17.0
HCP91A,1515245404982,17.0
HCP91A,1515249000006,16.0
HCP91A,1515252601387,17.0
HCP91A,1515256198369,17.0
HCP91A,1515259803117,17.0
HCP91A,1515263404831,16.0
HCP91A,1515267005111,16.0
HCP91A,1515270601220,16.0
HCP91A,1515274204354,17.0
HCP91A,1515277801326,16.0
HCP91A,1515281402195,16.0
HCP91A,1515285001902,16.0
HCP91A,1515288604208,16.0
HCP91A,1515292197122,16.0
HCP91A,1515295803953,16.0
HCP91A,1515299398893,17.0
HCP91A,1515303003458,16.0
HCP91A,1515306599463,16.0
HCP91A,1515310202485,16.0
HCP91A,1515313805760,17.0
HCP91A,1515317402998,16.0
HCP91A,1515320997263,16.0
HCP91A,1515324602984,16.0
HCP91A,1515328197576,16.0
HCP91A,1515331797452,17.0
HCP91A,1515335404571,16.0
HCP91A,1515338998992,16.0
HCP91A,1515342600281,16.0
HCP91A,1515346202821,17.0
HCP91A,1515349802656,17.0
HCP91A,1515353400778,16.0
HCP91A,1515357002631,16.0
HCP91A,1515360599830,16.0
HCP91A,1515364204676,16.0
HCP91A,1515367797923,16.0
HCP91A,1515371397850,17.0
HCP91A,1515375000069,17.0
HCP91A,1515378601360,16.0
HCP91A,1515382203736,16.0
HCP91A,1515385801484,16.0
HCP91A,1515389397336,16.0
HCP91A,1515392996638,17.0
HCP91A,1515396597259,17.0
HCP91A,1515400201352,17.0
HCP91A,1515403804314,16.0
HCP91A,1515407396378,16.0
HCP91A,1515410998958,16.0
HCP91A,1515414604027,16.0
HCP91A,1515418201207,17.0
HCP91A,1515421796002,17.0
HCP91A,1515425396983,16.0
HCP91A,1515428997652,16.0
HCP91A,1515432603004,17.0
HCP91A,1515436205671,17.0
HCP91A,1515439803868,17.0
HCP91A,1515443404628,16.0
HCP91A,1515447004602,16.0
HCP91A,1515450598716,17.0
HCP91A,1515454199062,16.0
HCP91A,1515457796000,16.0
HCP91A,1515461402354,17.0
HCP91A,1515465003491,16.0
HCP91A,1515468599983,17.0
HCP91A,1515472204620,17.0
HCP91A,1515475803864,16.0
HCP91A,1515479399764,17.0
HCP91A,1515483002774,16.0
HCP91A,1515486596592,16.0
HCP91A,1515490196625,17.0
HCP91A,1515493801656,16.0
HCP91A,1515497400952,16.0
HCP91A,1515501005125,17.0
HCP91A,1515504604214,16.0
HCP91A,1515508199624,16.0
HCP91A,1515511796342,16.0
HCP91A,1515515401110,16.0
HCP91A,1515519004673,16.0
HCP91A,1515522596432,17.0
HCP91A,1515526201251,16.0
HCP91A,1515529801984,17.0
HCP91A,1515533402205,16.0
HCP91A,1515536999183,17.0
HCP91A,1515540599572,17.0
HCP91A,1515544205843,17.0
HCP91A,1515547800584,17.0
HCP91A,1515551402422,16.0
HCP91A,1515554997487,17.0
HCP91A,1515558601665,16.0
HCP91A,1515562196513,16.0
HCP91A,1515565802342,16.0
HCP91A,1515569401102,17.0
HCP91A,1515572999148,17.0
HCP91A,1515576603451,17.0
HCP91A,1515580196212,16.0
HCP91A,1515583797820,17.0
HCP91A,1515587402522,17.0
HCP91A,1515591000986,16.0
HCP91A,1515594602967,16.0
HCP91A,1515598200436,16.0
HCP91A,1515601804962,17.0
HCP91A,1515605399667,16.0
HCP91A,1515608997606,17.0
HCP91A,1515612598663,16.0
HCP91A,1515616196845,17.0
HCP91A,1515619804414,16.0
HCP91A,1515623403835,16.0
HCP91A,1515626997604,16.0
HCP91A,1515630601255,17.0
HCP91A,1515634200933,17.0
HCP91A,1515637799620,17.0
HCP91A,1515641405214,17.0
HCP91A,1515644996126,17.0
HCP91A,1515648600996,17.0
HCP91A,1515652197039,16.0
HCP91A,1515655805851,17.0
HCP91A,1515659401423,17.0
HCP91A,1515663000248,16.0
HCP91A,1515666601115,16.0
HCP91A,1515670205714,17.0
HCP91A,1515673800429,16.0
HCP91A,1515677404849,17.0
HCP91A,1515681003259,17.0
HCP91A,1515684597562,17.0
HCP91A,1515688198620,16.0
HCP91A,1515691802098,16.0
HCP91A,1515695399636,16.0
HCP91A,1515699004271,16.0
HCP91A,1515702598031,17.0
HCP91A,1515706199070,16.0
HCP91A,1515709796763,16.0
HCP91A,1515713405342,16.0
HCP91A,1515717002752,16.0
HCP91A,1515720596330,16.0
HCP91A,1515724200426,16.0
HCP91A,1515727804949,17.0
HCP91A,1515731396134,16.0
HCP91A,1515735000863,17.0
HCP91A,1515738599001,17.0
HCP91A,1515742198165,16.0
HCP91A,1515745797357,16.0
HCP91A,1515749400678,16.0
HCP91A,1515752996167,16.0
HCP91A,1515756597153,16.0
HCP91A,1515760204291,17.0
HCP91A,1515763805900,17.0
HCP91A,1515767396768,17.0
HCP91A,1515771005646,17.0
HCP91A,1515774604263,16.0
HCP91A,1515778202813,17.0
HCP91A,1515781804406,17.0
HCP91A,1515785399795,16.0
HCP91A,1515789004010,17.0
HCP91A,1515792599835,17.0
HCP91A,1515796198698,17.0
HCP91A,1515799802153,16.0
HCP91A,1515803399792,17.0
HCP91A,1515807003046,17.0
HCP91A,1515810604593,16.0
HCP91A,1515814197049,17.0
HCP91A,1515817796333,16.0
HCP91A,1515821397362,16.0
HCP91A,1515825003154,17.0
HCP91A,1515828599986,17.0
HCP91A,1515832196570,17.0
HCP91A,1515835798358,16.0
HCP91A,1515839403380,17.0
HCP91A,1515843000146,16.0
HCP91A,1515846599871,17.0
HCP91A,1515850205065,16.0
HCP91A,1515853798897,16.0
HCP91A,1515857401785,16.0
HCP91A,1515861001127,17.0
HCP91A,1515864602869,16.0
HCP91A,1515868199223,16.0
HCP91A,1515871802811,17.0
HCP91A,1515875401841,17.0
HCP91A,1515878998229,17.0
HCP91A,1515882597764,16.0
HCP91A,1515886201181,17.0
HCP91A,1515889797755,16.0
HCP91A,1515893397096,16.0
HCP91A,1515897002311,16.0
HCP91A,1515900599316,16.0
HCP91A,1515904203959,16.0
HCP91A,1515907799837,17.0
HCP91A,1515911404179,17.0
HCP91A,1515915001099,16.0
HCP91A,1515918596984,16.0
HCP91A,1515922203639,17.0
HCP91A,1515925797133,17.0
HCP91A,1515929402683,17.0
HCP91A,1515933000131,16.0
HCP91A,1515936605624,16.0
HCP91A,1515940198490,17.0
HCP91A,1515943805858,17.0
HCP91A,1515947399088,16.0
HCP91A,1515951002903,16.0
HCP91A,1515954602708,16.0
HCP91A,1515958201134,17.0
HCP91A,1515961799495,17.0
HCP91A,1515965403084,17.0
HCP91A,1515968998500,16.0
HCP91A,1515972598401,16.0
HCP91A,1515976202805,17.0
HCP91A,1515979803600,16.0
HCP91A,1515983402582,16.0
HCP91A,1515987002972,16.0
HCP91A,1515990604791,17.0
HCP91A,1515994203232,17.0
HCP91A,1515997799066,17.0
HCP91A,1516001401574,16.0
HCP91A,1516005001627,17.0
HCP91A,1516008599688,17.0
HCP91A,1516012205758,17.0
HCP91A,1516015805460,17.0
HCP91A,1516019404804,17.0
HCP91A,1516023001049,17.0
HCP91A,1516026598823,16.0
HCP91A,1516030198128,16.0
HCP91A,1516033797652,17.0
HCP91A,1516037400565,16.0
HCP91A,1516040998039,16.0
HCP91A,1516044603108,17.0
HCP91A,1516048199057,16.0
HCP91A,1516051801471,16.0
HCP91A,1516055404629,17.0
HCP91A,1516058997853,16.0
HCP91A,1516062598258,16.0
HCP91A,1516066199646,16.0
HCP91A,1516069797706,16.0
HCP91A,1516073400186,17.0
HCP91A,1516077003680,17.0
HCP91A,1516080603384,16.0
HCP91A,1516084204624,17.0
HCP91A,1516087803627,17.0
HCP91A,1516091401752,17.0
HCP91A,1516094998185,16.0
HCP91A,1516098602131,17.0
HCP91A,1516102202805,16.0
HCP91A,1516105801973,17.0
HCP91A,1516109398427,16.0
HCP91A,1516113001505,16.0
HCP91A,1516116600954,17.0
HCP91A,1516120196616,17.0
HCP91A,1516123796717,17.0
HCP91A,1516127402124,16.0
HCP91A,1516130996259,17.0
HCP91A,1516134605697,17.0
HCP91A,1516138201598,17.0
HCP91A,1516141801444,17.0
HCP91A,1516145396728,17.0
HCP91A,1516148998436,16.0
HCP91A,1516152598336,16.0
HCP91A,1516156196095,16.0
HCP91A,1516159803987,16.0
HCP91A,1516163405527,17.0
HCP91A,1516167005927,17.0
HCP91A,1516170600050,16.0
HCP91A,1516174205267,16.0
HCP91A,1516177803792,16.0
HCP91A,1516181398825,16.0
HCP91A,1516184997943,16.0
HCP91A,1516188596484,17.0
HCP91A,1516192197322,16.0
HCP91A,1516195800046,17.0
HCP91A,1516199396662,17.0
HCP91A,1516202998233,16.0
HCP91A,1516206601598,17.0
HCP91A,1516210199679,16.0
HCP91A,1516213797150,17.0
HCP91A,1516217404692,16.0
HCP91A,1516221004459,16.0
HCP91A,1516224598136,16.0
HCP91A,1516228204283,16.0
HCP91A,1516231796666,17.0
HCP91A,1516235404640,17.0
HCP91A,1516239001799,16.0
HCP91A,1516242596143,17.0
HCP91A,1516246200865,17.0
HCP91A,1516249804046,16.0
HCP91A,1516253404812,16.0
HCP91A,1516257002155,16.0
HCP91A,1516260602371,17.0
HCP91A,1516264202121,16.0
HCP91A,1516267804088,17.0
HCP91A,1516271399429,17.0
HCP91A,1516275000426,16.0
HCP91A,1516278596917,17.0
HCP91A,1516282205296,17.0
HCP91A,1516285801073,16.0
HCP91A,1516289400740,17.0
HCP91A,1516292996443,16.0
HCP91A,1516296602890,16.0
HCP91A,1516300204217,17.0
HCP91A,1516303796798,17.0
HCP91A,1516307404147,17.0
HCP91A,1516311001484,17.0
HCP91A,1516314599991,16.0
HCP91A,1516318197706,17.0
HCP91A,1516321804425,16.0
HCP91A,1516325403729,16.0
HCP91A,1516328997239,16.0
HCP91A,1516332603050,16.0
HCP91A,1516336202377,16.0
HCP91A,1516339799989,17.0
HCP91A,1516343396104,17.0
HCP91A,1516347001908,16.0
HCP91A,1516350605301,16.0
HCP91A,1516354198678,17.0
HCP91A,1516357802681,16.0
HCP91A,1516361402030,17.0
HCP91A,1516365005339,17.0
HCP91A,1516368601635,17.0
HCP91A,1516372197709,16.0
HCP91A,1516375802002,16.0
HCP91A,1516379401857,17.0
HCP91A,1516382996126,16.0
HCP91A,1516386602361,17.0
HCP91A,1516390203464,17.0
HCP91A,1516393801356,17.0
HCP91A,1516397398539,17.0
HCP91A,1516401001154,17.0
HCP91A,1516404604832,16.0
HCP91A,1516408198065,17.0
HCP91A,1516411796351,16.0
HCP91A,1516415396786,16.0
HCP91A,1516418997063,16.0
HCP91A,1516422604828,16.0
HCP91A,1516426201028,16.0
HCP91A,1516429802178,16.0
HCP91A,1516433399902,17.0
HCP91A,1516436998679,17.0
HCP91A,1516440600689,16.0
HCP91A,1516444201790,16.0
HCP91A,1516447797224,17.0
HCP91A,1516451403328,17.0
HCP91A,1516454999524,17.0
HCP91A,1516458599110,16.0
HCP91A,1516462204826,17.0
HCP91A,1516465798693,17.0
HCP91A,1516469401946,17.0
HCP91A,1516473004873,16.0
HCP91A,1516476604907,16.0
HCP91A,1516480201305,17.0
HCP91A,1516483796531,17.0
HCP91A,1516487402089,17.0
HCP91A,1516491002675,16.0
HCP91A,1516494596302,17.0
HCP91A,1516498200544,16.0
HCP91A,1516501803163,17.0
HCP91A,1516505400318,16.0
HCP91A,1516509002666,17.0
HCP91A,1516512598262,17.0
HCP91A,1516516199334,17.0
HCP91A,1516519805975,17.0
HCP91A,1516523396372,16.0
HCP91A,1516526997498,16.0
HCP91A,1516530603553,17.0
HCP91A,1516534198399,16.0
HCP91A,1516537801414,16.0
HCP91A,1516541399220,16.0
HCP91A,1516544996327,16.0
HCP91A,1516548598197,16.0
HCP91A,1516552198826,17.0
HCP91A,1516555804990,16.0
HCP91A,1516559402388,17.0
HCP91A,1516562997997,17.0
HCP91A,1516566604670,17.0
HCP91A,1516570200276,17.0
HCP91A,1516573803606,16.0
HCP91A,1516577402971,16.0
HCP91A,1516581001026,16.0
HCP91A,1516584600564,17.0
HCP91A,1516588196958,16.0
HCP91A,1516591800406,17.0
HCP91A,1516595402502,17.0
HCP91A,1516599004428,17.0
HCP91A,1516602602735,17.0
HCP91A,1516606199224,16.0
HCP91A,1516609802015,17.0
HCP91A,1516613401600,17.0
HCP91A,1516617005436,17.0
HCP91A,1516620596346,16.0
HCP91A,1516624203393,16.0
HCP91A,1516627804387,17.0
HCP91A,1516631405947,16.0
HCP91A,1516635004986,16.0
HCP91A,1516638596819,16.0
HCP91A,1516642204538,16.0
HCP91A,1516645805526,16.0
HCP91A,1516649398758,16.0
HCP91A,1516652997263,16.0
HCP91A,1516656601630,17.0
HCP91A,1516660200054,16.0
HCP91A,1516663802847,17.0
HCP91A,1516667404145,17.0
HCP91A,1516670997321,16.0
HCP91A,1516674604103,17.0
HCP91A,1516678201497,17.0
HCP91A,1516681799301,16.0
HCP91A,1516685400197,17.0
HCP91A,1516688998409,17.0
HCP91A,1516692598807,16.0
HCP91A,1516696201147,17.0
HCP91A,1516699803106,16.0
HCP91A,1516703404250,16.0
HCP91A,1516707005009,16.0
HCP91A,1516710600068,16.0
HCP91A,1516714200335,17.0
HCP91A,1516717798495,16.0
HCP91A,1516721400127,16.0
HCP91A,1516725000420,16.0
HCP91A,1516728605565,16.0
HCP91A,1516732204042,16.0
HCP91A,1516735799821,16.0
HCP91A,1516739399807,17.0
HCP91A,1516742998848,16.0
HCP91A,1516746597363,16.0
HCP91A,1516750199543,17.0
HCP91A,1516753804590,16.0
HCP91A,1516757399135,16.0
HCP91A,1516760997777,16.0
HCP91A,1516764604412,17.0
HCP91A,1516768196953,17.0
HCP91A,1516771802161,16.0
HCP91A,1516775397951,17.0
HCP91A,1516778997725,17.0
HCP91A,1516782599260,17.0
HCP91A,1516786198528,16.0
HCP91A,1516789800537,17.0
HCP91A,1516793400236,17.0
HCP91A,1516797003284,16.0
HCP91A,1516800600872,17.0
HCP91A,1516804196445,16.0
HCP91A,1516807797758,17.0
HCP91A,1516811396096,16.0
HCP91A,1516815001350,16.0
HCP91A,1516818602253,17.0
HCP91A,1516822197707,16.0
HCP91A,1516825797426,16.0
HCP91A,1516829403514,17.0
HCP91A,1516832999433,17.0
HCP91A,1516836601594,17.0
HCP91A,1516840199325,17.0
HCP91A,1516843802919,17.0
HCP91A,1516847404663,17.0
HCP91A,1516851003016,17.0
HCP91A,1516854599462,17.0
HCP91A,1516858196495,16.0
HCP91A,1516861796348,16.0
HCP91A,1516865401472,16.0
HCP91A,1516869000197,16.0
HCP91A,1516872599913,17.0
HCP91A,1516876203074,16.0
HCP91A,1516879801537,17.0
HCP91A,1516883403443,16.0
HCP91A,1516887003501,16.0
HCP91A,1516890596850,17.0
HCP91A,1516894197149,16.0
HCP91A,1516897799355,16.0
HCP91A,1516901405381,16.0
HCP91A,1516905004360,17.0
HCP91A,1516908604246,17.0
HCP91A,1516912197099,17.0
HCP91A,1516915801163,16.0
HCP91A,1516919402340,16.0
HCP91A,1516922998240,17.0
HCP91A,1516926602161,16.0
HCP91A,1516930205454,17.0
HCP91A,1516933796693,17.0
HCP91A,1516937403396,16.0
HCP91A,1516941003856,17.0
HCP91A,1516944604335,16.0
HCP91A,1516948202957,17.0
HCP91A,1516951797960,16.0
HCP91A,1516955396170,16.0
HCP91A,1516958998622,16.0
HCP91A,1516962601554,16.0
HCP91A,1516966200553,16.0
HCP91A,1516969798837,16.0
HCP91A,1516973401615,16.0
HCP91A,1516976999448,17.0
HCP91A,1516980599396,17.0
HCP91A,1516984198696,17.0
HCP91A,1516987801337,17.0
HCP91A,1516991397369,17.0
HCP91A,1516995005062,16.0
HCP91A,1516998598861,17.0
HCP91A,1517002203202,16.0
HCP91A,1517005798351,16.0
HCP91A,1517009404449,16.0
HCP91A,1517012998878,16.0
HCP91A,1517016597238,16.0
HCP91A,1517020197702,17.0
HCP91A,1517023797591,16.0
HCP91A,1517027396986,17.0
HCP91A,1517030998255,17.0
HCP91A,1517034601725,17.0
HCP91A,1517038197070,17.0
HCP91A,1517041805903,17.0
HCP91A,1517045403020,17.0
HCP91A,1517049003523,17.0
HCP91A,1517052596236,17.0
HCP91A,1517056197086,17.0
HCP91A,1517059802157,17.0
HCP91A,1517063396396,16.0
HCP91A,1517066996650,16.0
HCP91A,1517070599611,16.0
HCP91A,1517074197890,16.0
HCP91A,1517077799866,17.0
HCP91A,1517081404210,16.0
HCP91A,1517085002844,16.0
HCP91A,1517088597952,17.0
HCP91A,1517092199174,16.0
HCP91A,1517095797843,17.0
HCP91A,1517099399816,16.0
HCP91A,1517103002685,17.0
HCP91A,1517106602551,16.0
HCP91A,1517110196537,17.0
HCP91A,1517113802679,17.0
HCP91A,1517117402305,16.0
HCP91A,1517121004967,16.0
HCP91A,1517124599671,17.0
HCP91A,1517128197638,16.0
HCP91A,1517131804581,17.0
HCP91A,1517135403570,16.0
HCP91A,1517138998623,17.0
HCP91A,1517142596129,17.0
HCP91A,1517146204069,16.0
HCP91A,1517149799704,17.0
HCP91A,1517153404838,16.0
HCP91A,1517157004328,16.0
HCP91A,1517160600687,16.0
HCP91A,1517164204424,17.0
HCP91A,1517167805811,16.0
HCP91A,1517171399628,16.0
HCP91A,1517175000355,17.0
HCP91A,1517178604004,17.0
HCP91A,1517182201342,17.0
HCP91A,1517185798241,17.0
HCP91A,1517189399235,17.0
HCP91A,1517192999697,16.0
HCP91A,1517196604850,17.0
HCP91A,1517200198764,16.0
HCP91A,1517203805170,16.0
HCP91A,1517207401446,16.0
HCP91A,1517211000781,16.0
HCP91A,1517214598995,17.0
HCP91A,1517218196999,17.0
HCP91A,1517221796458,17.0
HCP91A,1517225404812,16.0
HCP91A,1517228996081,17.0
HCP91A,1517232605944,16.0
HCP91A,1517236204472,17.0
HCP91A,1517239803617,16.0
HCP91A,1517243404977,17.0
HCP91A,1517246998321,16.0
HCP91A,1517250600892,17.0
HCP91A,1517254204671,16.0
HCP91A,1517257797824,16.0
HCP91A,1517261400828,16.0
HCP91A,1517264997397,16.0
HCP91A,1517268605034,16.0
HCP91A,1517272204093,17.0
HCP91A,1517275802183,17.0
HCP91A,1517279398626,17.0
HCP91A,1517283000425,17.0
HCP91A,1517286602251,17.0
HCP91A,1517290199555,17.0
HCP91A,1517293800423,16.0
HCP91A,1517297401461,16.0
HCP91A,1517300998459,17.0
HCP91A,1517304600178,16.0
HCP91A,1517308197527,17.0
HCP91A,1517311805401,17.0
HCP91A,1517315400275,17.0
HCP91A,1517319002582,17.0
HCP91A,1517322596776,16.0
HCP91A,1517326198898,16.0
HCP91A,1517329802987,17.0
HCP91A,1517333398229,17.0
HCP91A,1517337003812,17.0
HCP91A,1517340603966,17.0
HCP91A,1517344197372,16.0
HCP91A,1517347804745,16.0
HCP91A,1517351401524,17.0
HCP91A,1517354998318,17.0
HCP91A,1517358600401,17.0
HCP91A,1517362201098,17.0
HCP91A,1517365802228,17.0
HCP91A,1517369399525,16.0
HCP91A,1517373005784,17.0
HCP91A,1517376598356,17.0
HCP91A,1517380200468,17.0
HCP91A,1517383803945,17.0
HCP91A,1517387398911,17.0
HCP91A,1517391003637,17.0
HCP91A,1517394602947,17.0
HCP91A,1517398197790,17.0
HCP91A,1517401798489,17.0
HCP91A,1517405398253,17.0
HCP91A,1517409005043,17.0
HCP91A,1517412597168,17.0
HCP91A,1517416199608,16.0
HCP91A,1517419796701,16.0
HCP91A,1517423403034,17.0
HCP91A,1517427005559,16.0
HCP91A,1517430604162,17.0
HCP91A,1517434202842,16.0
HCP91A,1517437802365,17.0
HCP91A,1517441399554,17.0
HCP91A,1517444996367,16.0
HCP91A,1517448602825,17.0
HCP91A,1517452204404,17.0
HCP91A,1517455797567,17.0
HCP91A,1517459400054,17.0
HCP91A,1517462999011,17.0
HCP91A,1517466599242,16.0
HCP91A,1517470197358,16.0
HCP91A,1517473804165,17.0
HCP91A,1517477399360,16.0
HCP91A,1517481000635,16.0
HCP91A,1517484603603,17.0
HCP91A,1517488197239,17.0
HCP91A,1517491797821,16.0
HCP91A,1517495400197,16.0
HCP91A,1517499001603,17.0
HCP91A,1517502597869,17.0
HCP91A,1517506202503,17.0
HCP91A,1517509801786,16.0
HCP91A,1517513402035,16.0
HCP91A,1517516997240,17.0
HCP91A,1517520605983,16.0
HCP91A,1517524200810,17.0
HCP91A,1517527796077,16.0
HCP91A,1517531397322,16.0
HCP91A,1517534998086,16.0
HCP91A,1517538601419,16.0
HCP91A,1517542198349,16.0
HCP91A,1517545799818,17.0
HCP91A,1517549400208,16.0
HCP91A,1517553005923,16.0
HCP91A,1517556604942,16.0
HCP91A,1517560204366,16.0
HCP91A,1517563796946,17.0
HCP91A,1517567404090,17.0
HCP91A,1517571001135,16.0
HCP91A,1517574601825,17.0
HCP91A,1517578200181,17.0
HCP91A,1517581803594,16.0
HCP91A,1517585402769,17.0
HCP91A,1517588997837,17.0
HCP91A,1517592600947,17.0
HCP91A,1517596200143,16.0
HCP91A,1517599803256,16.0
HCP91A,1517603400607,17.0
HCP91A,1517606999095,16.0
HCP91A,1517610598297,16.0
HCP91A,1517614198920,16.0
HCP91A,1517617801015,16.0
HCP91A,1517621401999,16.0
HCP91A,1517624998983,17.0
HCP91A,1517628597975,17.0
HCP91A,1517632201798,17.0
HCP91A,1517635801178,17.0
HCP91A,1517639399595,17.0
HCP91A,1517642998318,17.0
HCP91A,1517646604944,16.0
HCP91A,1517650199004,17.0
HCP91A,1517653804747,17.0
HCP91A,1517657401241,17.0
HCP91A,1517660999530,17.0
HCP91A,1517664603350,16.0
HCP91A,1517668199595,17.0
HCP91A,1517671800212,17.0
HCP91A,1517675401210,16.0
HCP91A,1517679003520,17.0
HCP91A,1517682601974,16.0
HCP91A,1517686202814,16.0
HCP91A,1517689798124,16.0
HCP91A,1517693404961,16.0
HCP91A,1517696999508,16.0
HCP91A,1517700603528,16.0
HCP91A,1517704204009,17.0
HCP91A,1517707797235,16.0
HCP91A,1517711396210,17.0
HCP91A,1517715000996,17.0
HCP91A,1517718602175,17.0
HCP91A,1517722201730,16.0
HCP91A,1517725799935,16.0
HCP91A,1517729401400,17.0
HCP91A,1517732996797,16.0
HCP91A,1517736597259,16.0
HCP91A,1517740203290,16.0
HCP91A,1517743803593,17.0
HCP91A,1517747400629,17.0
HCP91A,1517751002014,17.0
HCP91A,1517754605092,17.0
HCP91A,1517758200247,17.0
HCP91A,1517761801542,17.0
HCP91A,1517765398747,16.0
HCP91A,1517768996806,16.0
HCP91A,1517772602735,17.0
HCP91A,1517776205247,16.0
HCP91A,1517779805662,17.0
HCP91A,1517783397145,17.0
HCP91A,1517787004298,16.0
HCP91A,1517790600933,17.0
HCP91A,1517794203584,16.0
HCP91A,1517797798838,16.0
HCP91A,1517801398888,16.0
HCP91A,1517805002894,16.0
HCP91A,1517808602758,17.0
HCP91A,1517812203010,17.0
HCP91A,1517815804000,16.0
HCP91A,1517819399275,17.0
HCP91A,1517823001292,17.0
HCP91A,1517826597883,17.0
HCP91A,1517830205301,17.0
HCP91A,1517833803400,17.0
HCP91A,1517837403323,16.0
HCP91A,1517840997944,17.0
HCP91A,1517844598469,17.0
HCP91A,1517848199242,17.0
HCP91A,1517851804292,16.0
HCP91A,1517855396748,16.0
HCP91A,1517858999557,16.0
HCP91A,1517862599391,16.0
HCP91A,1517866198194,17.0
HCP91A,1517869805300,17.0
HCP91A,1517873398246,17.0
HCP91A,1517876997841,17.0
HCP91A,1517880598155,16.0
HCP91A,1517884196532,17.0
HCP91A,1517887796690,17.0
HCP91A,1517891397490,17.0
HCP91A,1517894997247,17.0
HCP91A,1517898600829,17.0
HCP91A,1517902202223,16.0
HCP91A,1517905798369,17.0
HCP91A,1517909405847,16.0
HCP91A,1517912999546,16.0
HCP91A,1517916597274,16.0
HCP91A,1517920204563,16.0
HCP91A,1517923802551,17.0
HCP91A,1517927402621,17.0
HCP91A,1517930998157,17.0
HCP91A,1517934599579,17.0
HCP91A,1517938200748,17.0
HCP91A,1517941798086,16.0
HCP91A,1517945402473,16.0
HCP91A,1517948998434,17.0
HCP91A,1517952599086,17.0
HCP91A,1517956202764,16.0
HCP91A,1517959796028,17.0
HCP91A,1517963397807,17.0
HCP91A,1517967001774,16.0
HCP91A,1517970601906,16.0
HCP91A,1517974201804,17.0
HCP91A,1517977800063,17.0
HCP91A,1517981399032,16.0
HCP91A,1517985004531,17.0
HCP91A,1517988603481,16.0
HCP91A,1517992201725,16.0
HCP91A,1517995804946,16.0
HCP91A,1517999403269,17.0
HCP91A,1518002998350,17.0
HCP91A,1518006599355,16.0
HCP91A,1518010200315,16.0
HCP91A,1518013796649,16.0
HCP91A,1518017405376,16.0
HCP91A,1518020996215,17.0
HCP91A,1518024603837,16.0
HCP91A,1518028199817,16.0
HCP91A,1518031798045,17.0
HCP91A,1518035403270,16.0
HCP91A,1518039002763,16.0
HCP91A,1518042605816,16.0
HCP91A,1518046199582,16.0
HCP91A,1518049804396,17.0
HCP91A,1518053405074,16.0
HCP91A,1518057004869,17.0
HCP91A,1518060603925,16.0
HCP91A,1518064196466,16.0
HCP91A,1518067798043,16.0
HCP91A,1518071399896,17.0
HCP91A,1518075002607,17.0
HCP91A,1518078604125,17.0
HCP91A,1518082196679,16.0
HCP91A,1518085803699,17.0
HCP91A,1518089405811,17.0
HCP91A,1518093003453,16.0
HCP91A,1518096601265,16.0
HCP91A,1518100201954,17.0
HCP91A,1518103801040,16.0
HCP91A,1518107400763,17.0
HCP91A,1518110998304,16.0
HCP91A,1518114603578,17.0
HCP91A,1518118202739,17.0
HCP91A,1518121796777,16.0
HCP91A,1518125402098,17.0
HCP91A,1518129003165,17.0
HCP91A,1518132597742,16.0
HCP91A,1518136196230,16.0
HCP91A,1518139801905,16.0
HCP91A,1518143396068,16.0
HCP91A,1518147000161,16.0
HCP91A,1518150596615,17.0
HCP91A,1518154198081,16.0
HCP91A,1518157801043,16.0
HCP91A,1518161396932,16.0
HCP91A,1518165004206,16.0
HCP91A,1518168602927,16.0
HCP91A,1518172204824,16.0
HCP91A,1518175804026,17.0
HCP91A,1518179398247,16.0
HCP91A,1518182997795,17.0
HCP91A,1518186598252,16.0
HCP91A,1518190196367,16.0
HCP91A,1518193805205,16.0
HCP91A,1518197396942,16.0
HCP91A,1518201002048,16.0
HCP91A,1518204597211,17.0
HCP91A,1518208203561,17.0
HCP91A,1518211805677,16.0
HCP91A,1518215396752,16.0
HCP91A,1518219002317,17.0
HCP91A,1518222597786,16.0
HCP91A,1518226196100,16.0
HCP91A,1518229802067,17.0
HCP91A,1518233404256,16.0
HCP91A,1518237004045,17.0
HCP91A,1518240605395,17.0
HCP91A,1518244203304,16.0
HCP91A,1518247804776,16.0
HCP91A,1518251405935,16.0
HCP91A,1518255005236,16.0
HCP91A,1518258597258,17.0
HCP91A,1518262196037,17.0
HCP91A,1518265804069,17.0
HCP91A,1518269397850,16.0
HCP91A,1518273001261,16.0
HCP91A,1518276601407,17.0
HCP91A,1518280197043,16.0
HCP91A,1518283804514,17.0
HCP91A,1518287400143,16.0
HCP91A,1518290997687,16.0
HCP91A,1518294601969,17.0
HCP91A,1518298204550,17.0
HCP91A,1518301804487,16.0
HCP91A,1518305396620,16.0
HCP91A,1518308997751,17.0
HCP91A,1518312596629,16.0
HCP91A,1518316197608,16.0
HCP91A,1518319797811,17.0
HCP91A,1518323405106,17.0
HCP91A,1518326996955,17.0
HCP91A,1518330605694,16.0
HCP91A,1518334205182,17.0
HCP91A,1518337800523,17.0
HCP91A,1518341402783,16.0
HCP91A,1518344998719,17.0
HCP91A,1518348604005,16.0
HCP91A,1518352197031,17.0
HCP91A,1518355802479,16.0
HCP91A,1518359404155,17.0
HCP91A,1518363001407,16.0
HCP91A,1518366604241,17.0
HCP91A,1518370205429,16.0
HCP91A,1518373799980,16.0
HCP91A,1518377405626,16.0
HCP91A,1518381004193,16.0
HCP91A,1518384596853,17.0
HCP91A,1518388199607,17.0
HCP91A,1518391797854,16.0
HCP91A,1518395400937,16.0
HCP91A,1518399005693,17.0
HCP91A,1518402597689,16.0
HCP91A,1518406200382,17.0
HCP91A,1518409802834,16.0
HCP91A,1518413401731,16.0
HCP91A,1518416997242,16.0
HCP91A,1518420604518,16.0
HCP91A,1518424198370,17.0
HCP91A,1518427797849,17.0
HCP91A,1518431400492,16.0
HCP91A,1518434999661,16.0
HCP91A,1518438598840,16.0
HCP91A,1518442198108,16.0
HCP91A,1518445797020,17.0
HCP91A,1518449403315,16.0
HCP91A,1518452998622,16.0
HCP91A,1518456605344,16.0
HCP91A,1518460203487,16.0
HCP91A,1518463802500,16.0
HCP91A,1518467398022,17.0
HCP91A,1518471005445,16.0
HCP91A,1518474605910,16.0
HCP91A,1518478198115,16.0
HCP91A,1518481800701,16.0
HCP91A,1518485399701,16.0
HCP91A,1518488998922,17.0
HCP91A,1518492596816,17.0
HCP91A,1518496198171,16.0
HCP91A,1518499799715,17.0
HCP91A,1518503396096,16.0
HCP91A,1518507000434,16.0
HCP91A,1518510598224,16.0
HCP91A,1518514204045,16.0
HCP91A,1518517803702,16.0
HCP91A,1518521400828,17.0
HCP91A,1518525004216,17.0
HCP91A,1518528601131,16.0
HCP91A,1518532204308,17.0
HCP91A,1518535800060,17.0
HCP91A,1518539402807,17.0
HCP91A,1518542997245,17.0
HCP91A,1518546605307,16.0
HCP91A,1518550204615,17.0
HCP91A,1518553802493,16.0
HCP91A,1518557403087,17.0
HCP91A,1518561003481,16.0
HCP91A,1518564602797,17.0
HCP91A,1518568203346,16.0
HCP91A,1518571802088,16.0
HCP91A,1518575401794,16.0
HCP91A,1518579002331,17.0
HCP91A,1518582596187,16.0
HCP91A,1518586201126,16.0
HCP91A,1518589796184,17.0
HCP91A,1518593404403,17.0
HCP91A,1518596999315,16.0
HCP91A,1518600596404,17.0
HCP91A,1518604205540,17.0
HCP91A,1518607804166,16.0
HCP91A,1518611405202,16.0
HCP91A,1518615004452,17.0
HCP91A,1518618605113,16.0
HCP91A,1518622200138,17.0
HCP91A,1518625804281,16.0
HCP91A,1518629400341,16.0
HCP91A,1518632996456,17.0
HCP91A,1518636605540,17.0
HCP91A,1518640196355,16.0
HCP91A,1518643799693,16.0
HCP91A,1518647398822,17.0
HCP91A,1518651001902,17.0
HCP91A,1518654602438,16.0
HCP91A,1518658202431,17.0
HCP91A,1518661800759,16.0
HCP91A,1518665396577,17.0
HCP91A,1518668997903,16.0
HCP91A,1518672596677,16.0
HCP91A,1518676197110,17.0
HCP91A,1518679798668,16.0
HCP91A,1518683399128,16.0
HCP91A,1518687005015,16.0
HCP91A,1518690604602,16.0
HCP91A,1518694205530,17.0
HCP91A,1518697798821,16.0
HCP91A,1518701398674,17.0
HCP91A,1518705005378,17.0
HCP91A,1518708598464,17.0
HCP91A,1518712199602,16.0
HCP91A,1518715800641,17.0
HCP91A,1518719399529,16.0
HCP91A,1518723005596,17.0
HCP91A,1518726599751,16.0
HCP91A,1518730198695,17.0
HCP91A,1518733803938,16.0
HCP91A,1518737404983,17.0
HCP91A,1518740999060,17.0
HCP91A,1518744600899,17.0
HCP91A,1518748205485,16.0
HCP91A,1518751804275,16.0
HCP91A,1518755401237,16.0
HCP91A,1518758996138,17.0
HCP91A,1518762598128,17.0
HCP91A,1518766199838,16.0
HCP91A,1518769800862,16.0
HCP91A,1518773403951,17.0
HCP91A,1518776996510,17.0
HCP91A,1518780601948,16.0
HCP91A,1518784204606,16.0
HCP91A,1518787800702,16.0
HCP91A,1518791397730,17.0
HCP91A,1518795000640,17.0
HCP91A,1518798596848,17.0
HCP91A,1518802202172,17.0
HCP91A,1518805798436,17.0
HCP91A,1518809403475,17.0
HCP91A,1518813002693,17.0
HCP91A,1518816605352,16.0
HCP91A,1518820204579,16.0
HCP91A,1518823803418,17.0
HCP91A,1518827401291,17.0
HCP91A,1518831004317,16.0
HCP91A,1518834602025,16.0
HCP91A,1518838199300,17.0
HCP91A,1518841800521,16.0
HCP91A,1518845401421,17.0
HCP91A,1518849002059,17.0
HCP91A,1518852603001,17.0
HCP91A,1518856196832,17.0
HCP91A,1518859800871,16.0
HCP91A,1518863405253,17.0
HCP91A,1518867002764,16.0
HCP91A,1518870603915,17.0
HCP91A,1518874204978,17.0
HCP91A,1518877805441,17.0
HCP91A,1518881400889,16.0
HCP91A,1518885001279,16.0
HCP91A,1518888599903,16.0
HCP91A,1518892203664,17.0
HCP91A,1518895801928,17.0
HCP91A,1518899404332,17.0
HCP91A,1518903003033,17.0
HCP91A,1518906596847,16.0
HCP91A,1518910200536,17.0
HCP91A,1518913801801,16.0
HCP91A,1518917402808,16.0
HCP91A,1518920999987,17.0
HCP91A,1518924600532,17.0
HCP91A,1518928200763,17.0
HCP91A,1518931805945,16.0
HCP91A,1518935405452,17.0
HCP91A,1518938998800,17.0
HCP91A,1518942598158,17.0
HCP91A,1518946199928,16.0
HCP91A,1518949796070,16.0
HCP91A,1518953399548,16.0
HCP91A,1518957005881,17.0
HCP91A,1518960602758,17.0
HCP91A,1518964199635,16.0
HCP91A,1518967796959,17.0
HCP91A,1518971398606,17.0
HCP91A,1518974999378,16.0
HCP91A,1518978598785,17.0
HCP91A,1518982196333,17.0
HCP91A,1518985799224,16.0
HCP91A,1518989405908,17.0
HCP91A,1518993002426,17.0
HCP91A,1518996604562,16.0
HCP91A,1519000203963,16.0
HCP91A,1519003796060,16.0
HCP91A,1519007405342,16.0
HCP91A,1519010999252,17.0
HCP91A,1519014596407,17.0
HCP91A,1519018205623,17.0
HCP91A,1519021796090,16.0
HCP91A,1519025403476,16.0
HCP91A,1519028996100,16.0
HCP91A,1519032603306,16.0
HCP91A,1519036198901,17.0
HCP91A,1519039803213,17.0
HCP91A,1519043401702,16.0
HCP91A,1519047004021,16.0
HCP91A,1519050605501,17.0
HCP91A,1519054204035,16.0
HCP91A,1519057797242,16.0
HCP91A,1519061403377,16.0
HCP91A,1519065001758,17.0
HCP91A,1519068605429,17.0
HCP91A,1519072202903,17.0
HCP91A,1519075802129,16.0
HCP91A,1519079404170,16.0
HCP91A,1519083000938,16.0
HCP91A,1519086602750,17.0
HCP91A,1519090200964,16.0
HCP91A,1519093802337,17.0
HCP91A,1519097397159,17.0
HCP91A,1519101005866,16.0
HCP91A,1519104599649,16.0
HCP91A,1519108200794,16.0
HCP91A,1519111798999,16.0
HCP91A,1519115400048,16.0
HCP91A,1519118999625,16.0
HCP91A,1519122597096,17.0
HCP91A,1519126200561,17.0
HCP91A,1519129805839,17.0
HCP91A,1519133398040,17.0
HCP91A,1519137001174,17.0
HCP91A,1519140600790,17.0
HCP91A,1519144199280,17.0
HCP91A,1519147802404,17.0
HCP91A,1519151403258,16.0
HCP91A,1519155005519,17.0
HCP91A,1519158601143,17.0
HCP91A,1519162200459,17.0
HCP91A,1519165801541,17.0
HCP91A,1519169396338,16.0
HCP91A,1519172997216,16.0
HCP91A,1519176601353,17.0
HCP91A,1519180199345,17.0
HCP91A,1519183802126,16.0
HCP91A,1519187399074,16.0
HCP91A,1519191003535,16.0
HCP91A,1519194603505,16.0
HCP91A,1519198196058,17.0
HCP91A,1519201801935,17.0
HCP91A,1519205401613,16.0
HCP91A,1519209004500,16.0
HCP91A,1519212597017,17.0
HCP91A,1519216201298,17.0
HCP91A,1519219800920,17.0
HCP91A,1519223403058,17.0
HCP91A,1519227005225,17.0
HCP91A,1519230602591,17.0
HCP91A,1519234202932,17.0
HCP91A,1519237798365,17.0
HCP91A,1519241400367,17.0
HCP91A,1519245003253,16.0
HCP91A,1519248597323,17.0
HCP91A,1519252197569,16.0
HCP91A,1519255804780,16.0
HCP91A,1519259403471,17.0
HCP91A,1519263005299,16.0
HCP91A,1519266601492,16.0
HCP91A,1519270199914,17.0
HCP91A,1519273805726,17.0
HCP91A,1519277404652,17.0
HCP91A,1519280998549,17.0
HCP91A,1519284597774,17.0
HCP91A,1519288203072,17.0
HCP91A,1519291799615,16.0
HCP91A,1519295402576,16.0
HCP91A,1519299001352,16.0
HCP91A,1519302603163,16.0
HCP91A,1519306197280,16.0
HCP91A,1519309802424,16.0
HCP91A,1519313397934,16.0
HCP91A,1519317003826,16.0
HCP91A,1519320598380,16.0
HCP91A,1519324197164,16.0
HCP91A,1519327805413,16.0
HCP91A,1519331396703,16.0
HCP91A,1519335004347,16.0
HCP91A,1519338596898,16.0
HCP91A,1519342205127,16.0
HCP91A,1519345803127,17.0
HCP91A,1519349396318,17.0
HCP91A,1519352997550,17.0
HCP91A,1519356598893,17.0
HCP91A,1519360200329,16.0
HCP91A,1519363796993,16.0
HCP91A,1519367402636,16.0
HCP91A,1519371001702,16.0
HCP91A,1519374603118,17.0
HCP91A,1519378201514,16.0
HCP91A,1519381798736,16.0
HCP91A,1519385396381,17.0
HCP91A,1519389005354,17.0
HCP91A,1519392604856,17.0
HCP91A,1519396200493,16.0
HCP91A,1519399803223,16.0
HCP91A,1519403396313,16.0
HCP91A,1519407002196,17.0
HCP91A,1519410596443,17.0
HCP91A,1519414205522,16.0
HCP91A,1519417803346,16.0
HCP91A,1519421397075,16.0
HCP91A,1519425002063,17.0
HCP91A,1519428599639,17.0
HCP91A,1519432205255,17.0
HCP91A,1519435804529,16.0
HCP91A,1519439403734,17.0
HCP91A,1519443004152,17.0
HCP91A,1519446597346,17.0
HCP91A,1519450204663,17.0
HCP91A,1519453800442,16.0
HCP91A,1519457404002,17.0
HCP91A,1519461003609,16.0
HCP91A,1519464604598,16.0
HCP91A,1519468202459,16.0
HCP91A,1519471804220,17.0
HCP91A,1519475403322,17.0
HCP91A,1519478997785,16.0
HCP91A,1519482605014,16.0
HCP91A,1519486203765,16.0
HCP91A,1519489798336,16.0
HCP91A,1519493400007,16.0
HCP91A,1519496996929,17.0
HCP91A,1519500603337,16.0
HCP91A,1519504196236,17.0
HCP91A,1519507796750,16.0
HCP91A,1519511400060,17.0
HCP91A,1519515003725,16.0
HCP91A,1519518604171,16.0
HCP91A,1519522205160,16.0
HCP91A,1519525804913,16.0
HCP91A,1519529404477,16.0
HCP91A,1519533005302,16.0
HCP91A,1519536598185,17.0
HCP91A,1519540199285,16.0
HCP91A,1519543800981,16.0
HCP91A,1519547398381,16.0
HCP91A,1519551000990,17.0
HCP91A,1519554605573,16.0
HCP91A,1519558205541,17.0
HCP91A,1519561802075,16.0
HCP91A,1519565397151,16.0
HCP91A,1519569001161,17.0
HCP91A,1519572599290,16.0
HCP91A,1519576204788,17.0
HCP91A,1519579796221,16.0
HCP91A,1519583401795,16.0
HCP91A,1519587004651,16.0
HCP91A,1519590605737,16.0
HCP91A,1519594202133,17.0
HCP91A,1519597802096,16.0
HCP91A,1519601400281,16.0
HCP91A,1519605004563,17.0
HCP91A,1519608601562,16.0
HCP91A,1519612202981,17.0
HCP91A,1519615798510,16.0
HCP91A,1519619401315,17.0
HCP91A,1519623002782,16.0
HCP91A,1519626604019,17.0
HCP91A,1519630203566,17.0
HCP91A,1519633798920,16.0
HCP91A,1519637399386,16.0
HCP91A,1519641002403,16.0
HCP91A,1519644603241,17.0
HCP91A,1519648203112,17.0
HCP91A,1519651801761,16.0
HCP91A,1519655405083,17.0
HCP91A,1519659001527,17.0
HCP91A,1519662599397,17.0
HCP91A,1519666199665,17.0
HCP91A,1519669802038,16.0
HCP91A,1519673405945,17.0
HCP91A,1519677000089,17.0
HCP91A,1519680601553,16.0
HCP91A,1519684196623,16.0
HCP91A,1519687800478,17.0
HCP91A,1519691400922,16.0
HCP91A,1519695002515,17.0
HCP91A,1519698602839,16.0
HCP91A,1519702204571,17.0
HCP91A,1519705802854,16.0
HCP91A,1519709404018,16.0
HCP91A,1519712999481,17.0
HCP91A,1519716598785,17.0
HCP91A,1519720205975,17.0
HCP91A,1519723803845,16.0
HCP91A,1519727401645,17.0
HCP91A,1519731002619,17.0
HCP91A,1519734600672,16.0
HCP91A,1519738199850,16.0
HCP91A,1519741798417,16.0
HCP91A,1519745400045,16.0
HCP91A,1519748997966,17.0
HCP91A,1519752600747,16.0
HCP91A,1519756203329,17.0
HCP91A,1519759799750,17.0
HCP91A,1519763400935,17.0
HCP91A,1519766997516,17.0
HCP91A,1519770604016,17.0
HCP91A,1519774202525,17.0
HCP91A,1519777802862,16.0
HCP91A,1519781402122,17.0
HCP91A,1519785000508,16.0
HCP91A,1519788599463,17.0
HCP91A,1519792204029,17.0
HCP91A,1519795805149,16.0
HCP91A,1519799401565,16.0
HCP91A,1519802996015,17.0
HCP91A,1519806598088,16.0
HCP91A,1519810202311,16.0
HCP91A,1519813798406,17.0
HCP91A,1519817398508,16.0
HCP91A,1519821004336,17.0
HCP91A,1519824596099,17.0
HCP91A,1519828200274,16.0
HCP91A,1519831798015,17.0
HCP91A,1519835396973,17.0
HCP91A,1519838997494,16.0
HCP91A,1519842604568,16.0
HCP91A,1519846203841,17.0
HCP91A,1519849805539,16.0
HCP91A,1519853397760,16.0
HCP91A,1519856998471,16.0
HCP91A,1519860604136,16.0
HCP91A,1519864201341,17.0
HCP91A,1519867797419,16.0
HCP91A,1519871398106,17.0
HCP91A,1519875002547,16.0
HCP91A,1519878602085,16.0
HCP91A,1519882200826,16.0
HCP91A,1519885797141,17.0
HCP91A,1519889399993,16.0
HCP91A,1519892996825,16.0
HCP91A,1519896605675,16.0
HCP91A,1519900199189,16.0
HCP91A,1519903805197,17.0
HCP91A,1519907398566,17.0
HCP91A,1519910996741,16.0
HCP91A,1519914600467,17.0
HCP91A,1519918200445,16.0
HCP91A,1519921798017,17.0
HCP91A,1519925401130,17.0
HCP91A,1519929004593,16.0
HCP91A,1519932597997,16.0
HCP91A,1519936202344,16.0
HCP91A,1519939799621,16.0
HCP91A,1519943401771,17.0
HCP91A,1519946996256,17.0
HCP91A,1519950599173,17.0
HCP91A,1519954199357,16.0
HCP91A,1519957804039,16.0
HCP91A,1519961403312,16.0
HCP91A,1519965005931,16.0
HCP91A,1519968604144,16.0
HCP91A,1519972205589,16.0
HCP91A,1519975801136,17.0
HCP91A,1519979404567,16.0
HCP91A,1519982998233,17.0
HCP91A,1519986600879,17.0
HCP91A,1519990197834,16.0
HCP91A,1519993798082,17.0
HCP91A,1519997399855,17.0
HCP91A,1520000999638,16.0
HCP91A,1520004604115,16.0
HCP91A,1520008197380,16.0
HCP91A,1520011798106,16.0
HCP91A,1520015400850,17.0
HCP91A,1520018998294,16.0
HCP91A,1520022603076,17.0
HCP91A,1520026203738,16.0
HCP91A,1520029803988,17.0
HCP91A,1520033403548,17.0
HCP91A,1520036998747,16.0
HCP91A,1520040605002,16.0
HCP91A,1520044205262,17.0
HCP91A,1520047796898,17.0
HCP91A,1520051400867,17.0
HCP91A,1520054996917,17.0
HCP91A,1520058601457,16.0
HCP91A,1520062205781,16.0
HCP91A,1520065805575,16.0
HCP91A,1520069402218,16.0
HCP91A,1520073000356,17.0
HCP91A,1520076605876,17.0
HCP91A,1520080205492,17.0
HCP91A,1520083798809,17.0
HCP91A,1520087405132,16.0
HCP91A,1520091004527,16.0
HCP91A,1520094599468,16.0
HCP91A,1520098196597,16.0
HCP91A,1520101800658,17.0
HCP91A,1520105397212,16.0
HCP91A,1520109001967,16.0
HCP91A,1520112605170,17.0
HCP91A,1520116202882,16.0
HCP91A,1520119796766,17.0
HCP91A,1520123401410,16.0
HCP91A,1520127004886,16.0
HCP91A,1520130603288,17.0
HCP91A,1520134204205,17.0
HCP91A,1520137805194,17.0
HCP91A,1520141396650,17.0
HCP91A,1520145000467,17.0
HCP91A,1520148600547,17.0
HCP91A,1520152205903,17.0
HCP91A,1520155796951,16.0
HCP91A,1520159400164,16.0
HCP91A,1520163004410,16.0
HCP91A,1520166597579,16.0
HCP91A,1520170205483,16.0
HCP91A,1520173799741,17.0
HCP91A,1520177405440,16.0
HCP91A,1520181000793,17.0
HCP91A,1520184601571,17.0
HCP91A,1520188200611,17.0
HCP91A,1520191804133,16.0
HCP91A,1520195404889,16.0
HCP91A,1520198998624,17.0
HCP91A,1520202598910,17.0
HCP91A,1520206201802,16.0
HCP91A,1520209804808,17.0
HCP91A,1520213398708,16.0
HCP91A,1520217004022,17.0
HCP91A,1520220603153,16.0
HCP91A,1520224197402,16.0
HCP91A,1520227805059,16.0
HCP91A,1520231399813,17.0
HCP91A,1520234999713,16.0
HCP91A,1520238604625,17.0
HCP91A,1520242202132,16.0
HCP91A,1520245796681,17.0
HCP91A,1520249399761,16.0
HCP91A,1520253005829,16.0
HCP91A,1520256601215,16.0
HCP91A,1520260202065,17.0
HCP91A,1520263800889,17.0
HCP91A,1520267405340,16.0
HCP91A,1520270999199,17.0
HCP91A,1520274599661,16.0
HCP91A,1520278202150,17.0
HCP91A,1520281805344,17.0
HCP91A,1520285401055,17.0
HCP91A,1520289002495,16.0
HCP91A,1520292600004,16.0
HCP91A,1520296198653,17.0
HCP91A,1520299800766,17.0
HCP91A,1520303405726,16.0
HCP91A,1520306998899,16.0
HCP91A,1520310598338,17.0
HCP91A,1520314203085,16.0
HCP91A,1520317798975,17.0
HCP91A,1520321399732,17.0
HCP91A,1520325002029,17.0
HCP91A,1520328600573,16.0
HCP91A,1520332196428,17.0
HCP91A,1520335804635,17.0
HCP91A,1520339400801,17.0
HCP91A,1520343005522,16.0
HCP91A,1520346601455,16.0
HCP91A,1520350199293,16.0
HCP91A,1520353801186,16.0
HCP91A,1520357396437,17.0
HCP91A,1520361002118,16.0
HCP91A,1520364596256,16.0
HCP91A,1520368197604,16.0
HCP91A,1520371796123,16.0
HCP91A,1520375403022,17.0
HCP91A,1520379003808,17.0
HCP91A,1520382600049,16.0
HCP91A,1520386203217,16.0
HCP91A,1520389805033,16.0
HCP91A,1520393403301,16.0
HCP91A,1520397000706,17.0
HCP91A,1520400601745,17.0
HCP91A,1520404196569,16.0
HCP91A,1520407798671,16.0
HCP91A,1520411403314,16.0
HCP91A,1520414997388,17.0
HCP91A,1520418605444,17.0
HCP91A,1520422200221,17.0
HCP91A,1520425799136,17.0
HCP91A,1520429397871,16.0
HCP91A,1520432998880,16.0
HCP91A,1520436605359,17.0
HCP91A,1520440202140,16.0
HCP91A,1520443797695,16.0
HCP91A,1520447405526,17.0
HCP91A,1520450996217,17.0
HCP91A,1520454597558,16.0
HCP91A,1520458198256,16.0
HCP91A,1520461802369,17.0
HCP91A,1520465401040,16.0
HCP91A,1520469002531,16.0
HCP91A,1520472603319,17.0
HCP91A,1520476202077,17.0
HCP91A,1520479796828,16.0
HCP91A,1520483402185,17.0
HCP91A,1520487001709,17.0
HCP91A,1520490604330,16.0
HCP91A,1520494200262,16.0
HCP91A,1520497802544,17.0
HCP91A,1520501403501,17.0
HCP91A,1520505004328,16.0
HCP91A,1520508602601,16.0
HCP91A,1520512204577,17.0
HCP91A,1520515801410,16.0
HCP91A,1520519398602,17.0
HCP91A,1520523003827,17.0
HCP91A,1520526596024,17.0
HCP91A,1520530199755,16.0
HCP91A,1520533802485,17.0
HCP91A,1520537404755,16.0
HCP91A,1520541002020,16.0
HCP91A,1520544598280,16.0
HCP91A,1520548197664,17.0
HCP91A,1520551805770,16.0
HCP91A,1520555396131,16.0
HCP91A,1520559000092,17.0
HCP91A,1520562605331,16.0
HCP91A,1520566205003,16.0
HCP91A,1520569801432,17.0
HCP91A,1520573404827,16.0
HCP91A,1520577005417,16.0
HCP91A,1520580596332,16.0
HCP91A,1520584196550,16.0
HCP91A,1520587801148,16.0
HCP91A,1520591400448,17.0
HCP91A,1520595005604,17.0
HCP91A,1520598597331,17.0
HCP91A,1520602202805,17.0
HCP91A,1520605799813,16.0
HCP91A,1520609400957,17.0
HCP91A,1520613000872,17.0
HCP91A,1520616605571,17.0
HCP91A,1520620198282,17.0
HCP91A,1520623805105,17.0
HCP91A,1520627396142,17.0
HCP91A,1520631003744,16.0
HCP91A,1520634597954,17.0
HCP91A,1520638199615,16.0
HCP91A,1520641803392,16.0
HCP91A,1520645401581,17.0
HCP91A,1520648998017,17.0
HCP91A,1520652601445,17.0
HCP91A,1520656199324,17.0
HCP91A,1520659802936,16.0
HCP91A,1520663396798,17.0
HCP91A,1520667004404,16.0
HCP91A,1520670603747,17.0
HCP91A,1520674200340,16.0
HCP91A,1520677804771,16.0
HCP91A,1520681404865,16.0
HCP91A,1520685004855,16.0
HCP91A,1520688605285,16.0
HCP91A,1520692196505,16.0
HCP91A,1520695804656,16.0
HCP91A,1520699404954,16.0
HCP91A,1520703005026,17.0
HCP91A,1520706600621,17.0
HCP91A,1520710197896,17.0
HCP91A,1520713800403,16.0
HCP91A,1520717397779,17.0
HCP91A,1520721003119,16.0
HCP91A,1520724599988,17.0
HCP91A,1520728196361,16.0
HCP91A,1520731797587,17.0
HCP91A,1520735401616,16.0
HCP91A,1520738996813,17.0
HCP91A,1520742603207,16.0
HCP91A,1520746200941,16.0
HCP91A,1520749796897,17.0
HCP91A,1520753403187,17.0
HCP91A,1520756999272,17.0
HCP91A,1520760601440,17.0
HCP91A,1520764200616,17.0
HCP91A,1520767803395,17.0
HCP91A,1520771404538,17.0
HCP91A,1520774997469,17.0
HCP91A,1520778605468,16.0
HCP91A,1520782202735,17.0
HCP91A,1520785803981,16.0
HCP91A,1520789401461,16.0
HCP91A,1520792999030,17.0
HCP91A,1520796600635,17.0
HCP91A,1520800200147,16.0
HCP91A,1520803802269,16.0
HCP91A,1520807402927,17.0
HCP91A,1520811005724,17.0
HCP91A,1520814596975,17.0
HCP91A,1520818204299,17.0
HCP91A,1520821796390,16.0
HCP91A,1520825403065,16.0
HCP91A,1520829005479,16.0
HCP91A,1520832597672,16.0
HCP91A,1520836203865,17.0
HCP91A,1520839802795,16.0
HCP91A,1520843396051,16.0
HCP91A,1520846996525,16.0
HCP91A,1520850597128,17.0
HCP91A,1520854197022,16.0
HCP91A,1520857800638,16.0
HCP91A,1520861404200,17.0
HCP91A,1520865000775,17.0
HCP91A,1520868601455,16.0
HCP91A,1520872202162,16.0
HCP91A,1520875803846,17.0
HCP91A,1520879400859,16.0
HCP91A,1520883003485,16.0
HCP91A,1520886602989,17.0
HCP91A,1520890203576,17.0
HCP91A,1520893802985,16.0
HCP91A,1520897402042,17.0
HCP91A,1520901002016,17.0
HCP91A,1520904600448,16.0
HCP91A,1520908198156,17.0
HCP91A,1520911798745,16.0
HCP91A,1520915401644,16.0
HCP91A,1520919004275,17.0
HCP91A,1520922600877,17.0
HCP91A,1520926205328,17.0
HCP91A,1520929797621,17.0
HCP91A,1520933400966,17.0
HCP91A,1520937002810,16.0
HCP91A,1520940603701,16.0
HCP91A,1520944198688,17.0
HCP91A,1520947805298,16.0
HCP91A,1520951399153,17.0
HCP91A,1520954998930,17.0
HCP91A,1520958598615,17.0
HCP91A,1520962197026,16.0
HCP91A,1520965798820,16.0
HCP91A,1520969404418,16.0
HCP91A,1520972998881,17.0
HCP91A,1520976605969,17.0
HCP91A,1520980200965,16.0
HCP91A,1520983801459,16.0
HCP91A,1520987400668,17.0
HCP91A,1520991000414,16.0
HCP91A,1520994596696,16.0
HCP91A,1520998197252,17.0
HCP91A,1521001797221,17.0
HCP91A,1521005398170,17.0
HCP91A,1521009005765,17.0
HCP91A,1521012596918,16.0
HCP91A,1521016197900,17.0
HCP91A,1521019800678,16.0
HCP91A,1521023399285,17.0
HCP91A,1521027002300,17.0
HCP91A,1521030597794,17.0
HCP91A,1521034202407,17.0
HCP91A,1521037798322,16.0
HCP91A,1521041400220,17.0
HCP91A,1521045001436,17.0
HCP91A,1521048600899,16.0
HCP91A,1521052205273,17.0
HCP91A,1521055801261,16.0
HCP91A,1521059396207,17.0
HCP91A,1521062996211,16.0
HCP91A,1521066604249,16.0
HCP91A,1521070200073,17.0
HCP91A,1521073800371,17.0
HCP91A,1521077405744,16.0
HCP91A,1521080999571,16.0
HCP91A,1521084604907,17.0
HCP91A,1521088202466,17.0
HCP91A,1521091799576,16.0
HCP91A,1521095396857,17.0
HCP91A,1521099003407,17.0
HCP91A,1521102596376,17.0
HCP91A,1521106199240,16.0
HCP91A,1521109797985,16.0
HCP91A,1521113402086,17.0
HCP91A,1521116996802,16.0
HCP91A,1521120601553,16.0
HCP91A,1521124201697,16.0
HCP91A,1521127800625,16.0
HCP91A,1521131397073,16.0
HCP91A,1521135000901,17.0
HCP91A,1521138600721,16.0
HCP91A,1521142204482,16.0
HCP91A,1521145803350,17.0
HCP91A,1521149399113,17.0
HCP91A,1521152997038,16.0
HCP91A,1521156602144,16.0
HCP91A,1521160203396,17.0
HCP91A,1521163805842,17.0
HCP91A,1521167398547,17.0
HCP91A,1521170997074,16.0
HCP91A,1521174597763,16.0
HCP91A,1521178198681,17.0
HCP91A,1521181805920,16.0
HCP91A,1521185404497,16.0
HCP91A,1521189004921,16.0
HCP91A,1521192596617,16.0
HCP91A,1521196204325,16.0
HCP91A,1521199804935,17.0
HCP91A,1521203401168,16.0
HCP91A,1521206999645,16.0
HCP91A,1521210599701,16.0
HCP91A,1521214197460,16.0
HCP91A,1521217804789,16.0
HCP91A,1521221396949,16.0
HCP91A,1521225000981,16.0
HCP91A,1521228598293,16.0
HCP91A,1521232203636,17.0
HCP91A,1521235801103,16.0
HCP91A,1521239400699,17.0
HCP91A,1521242999612,16.0
HCP91A,1521246603695,17.0
HCP91A,1521250196783,16.0
HCP91A,1521253801393,17.0
HCP91A,1521257404509,17.0
HCP91A,1521261001398,16.0
HCP91A,1521264604057,17.0
HCP91A,1521268204609,17.0
HCP91A,1521271800893,16.0
HCP91A,1521275399086,16.0
HCP91A,1521278999155,17.0
HCP91A,1521282596729,17.0
HCP91A,1521286202499,16.0
HCP91A,1521289797404,17.0
HCP91A,1521293402838,16.0
HCP91A,1521297001286,16.0
HCP91A,1521300605144,17.0
HCP91A,1521304199095,17.0
HCP91A,1521307799740,16.0
HCP91A,1521311398650,16.0
HCP91A,1521315003032,16.0
HCP91A,1521318597627,16.0
HCP91A,1521322198961,17.0
HCP91A,1521325797352,17.0
HCP91A,1521329398592,16.0
HCP91A,1521332998131,17.0
HCP91A,1521336604355,17.0
HCP91A,1521340201043,16.0
HCP91A,1521343804704,17.0
HCP91A,1521347404540,16.0
HCP91A,1521351002211,16.0
HCP91A,1521354597269,16.0
HCP91A,1521358201512,16.0
HCP91A,1521361796518,17.0
HCP91A,1521365399827,16.0
HCP91A,1521369004996,16.0
HCP91A,1521372604620,16.0
HCP91A,1521376203732,17.0
HCP91A,1521379800088,16.0
HCP91A,1521383404636,16.0
HCP91A,1521386999218,16.0
HCP91A,1521390598360,17.0
HCP91A,1521394196935,16.0
HCP91A,1521397802345,17.0
HCP91A,1521401399056,16.0
HCP91A,1521405004233,17.0
HCP91A,1521408602473,17.0
HCP91A,1521412203931,17.0
HCP91A,1521415803216,17.0
HCP91A,1521419405359,16.0
HCP91A,1521423003865,17.0
HCP91A,1521426596450,16.0
HCP91A,1521430205773,17.0
HCP91A,1521433797636,17.0
HCP91A,1521437402594,17.0
HCP91A,1521441004401,16.0
HCP91A,1521444604261,17.0
HCP91A,1521448200946,16.0
HCP91A,1521451799523,16.0
HCP91A,1521455396253,17.0
HCP91A,1521458996023,17.0
HCP91A,1521462602024,17.0
HCP91A,1521466198253,16.0
HCP91A,1521469799213,17.0
HCP91A,1521473398772,16.0
HCP91A,1521476998631,16.0
HCP91A,1521480601681,17.0
HCP91A,1521484203033,16.0
HCP91A,1521487800687,16.0
HCP91A,1521491400239,17.0
HCP91A,1521495001876,16.0
HCP91A,1521498596909,16.0
HCP91A,1521502202302,16.0
HCP91A,1521505797220,17.0
HCP91A,1521509402876,17.0
HCP91A,1521513003541,17.0
HCP91A,1521516596761,17.0
HCP91A,1521520202301,16.0
HCP91A,1521523796946,17.0
HCP91A,1521527396335,17.0
HCP91A,1521531000775,16.0
HCP91A,1521534602288,17.0
HCP91A,1521538204400,17.0
HCP91A,1521541804942,17.0
HCP91A,1521545398438,17.0
HCP91A,1521549005929,17.0
HCP91A,1521552604706,17.0
HCP91A,1521556204290,17.0
HCP91A,1521559798386,17.0
HCP91A,1521563399186,17.0
HCP91A,1521567004310,16.0
HCP91A,1521570596403,16.0
HCP91A,1521574197562,16.0
HCP91A,1521577797754,17.0
HCP91A,1521581397005,16.0
HCP91A,1521584999317,17.0
HCP91A,1521588605775,17.0
HCP91A,1521592196096,17.0
HCP91A,1521595804889,16.0
HCP91A,1521599400786,16.0
HCP91A,1521602999142,17.0
HCP91A,1521606605558,17.0
HCP91A,1521610199119,16.0
HCP91A,1521613804854,16.0
HCP91A,1521617404499,16.0
HCP91A,1521621003425,16.0
HCP91A,1521624602980,16.0
HCP91A,1521628204059,16.0
HCP91A,1521631804190,16.0
HCP91A,1521635405861,17.0
HCP91A,1521638996577,16.0
HCP91A,1521642605107,17.0
HCP91A,1521646204271,16.0
HCP91A,1521649798794,17.0
HCP91A,1521653398673,17.0
HCP91A,1521657003244,16.0
HCP91A,1521660601043,16.0
HCP91A,1521664203707,17.0
HCP91A,1521667805439,17.0
HCP91A,1521671396666,17.0
HCP91A,1521674999895,16.0
HCP91A,1521678603044,16.0
HCP91A,1521682197355,16.0
HCP91A,1521685800323,16.0
HCP91A,1521689401705,16.0
HCP91A,1521692997857,16.0
HCP91A,1521696601619,17.0
HCP91A,1521700202252,16.0
HCP91A,1521703805115,17.0
HCP91A,1521707403043,17.0
HCP91A,1521710998075,17.0
HCP91A,1521714596766,16.0
HCP91A,1521718202113,16.0
HCP91A,1521721799356,16.0
HCP91A,1521725397944,17.0
HCP91A,1521728996709,16.0
HCP91A,1521732605088,17.0
HCP91A,1521736198303,17.0
HCP91A,1521739802238,17.0
HCP91A,1521743404141,17.0
HCP91A,1521746997823,16.0
HCP91A,1521750603794,17.0
HCP91A,1521754196375,16.0
HCP91A,1521757801589,16.0
HCP91A,1521761400855,16.0
HCP91A,1521764996430,16.0
HCP91A,1521768597516,16.0
HCP91A,1521772200942,16.0
HCP91A,1521775804340,17.0
HCP91A,1521779396251,16.0
HCP91A,1521782998603,17.0
HCP91A,1521786600378,17.0
HCP91A,1521790202180,17.0
HCP91A,1521793797990,16.0
HCP91A,1521797405282,17.0
HCP91A,1521800999406,16.0
HCP91A,1521804600820,17.0
HCP91A,1521808202797,16.0
HCP91A,1521811805088,17.0
HCP91A,1521815399826,17.0
HCP91A,1521819003015,16.0
HCP91A,1521822601311,17.0
HCP91A,1521826198520,17.0
HCP91A,1521829797678,17.0
HCP91A,1521833399825,17.0
HCP91A,1521836996686,16.0
HCP91A,1521840604990,17.0
HCP91A,1521844205612,17.0
HCP91A,1521847805077,16.0
HCP91A,1521851399598,16.0
HCP91A,1521855005754,16.0
HCP91A,1521858596794,17.0
HCP91A,1521862205692,17.0
HCP91A,1521865801285,17.0
HCP91A,1521869397842,16.0
HCP91A,1521873004327,16.0
HCP91A,1521876603727,16.0
HCP91A,1521880200842,17.0
HCP91A,1521883801410,16.0
HCP91A,1521887404034,16.0
HCP91A,1521890999562,16.0
HCP91A,1521894600504,16.0
HCP91A,1521898196741,17.0
HCP91A,1521901798192,17.0
HCP91A,1521905399817,17.0
HCP91A,1521909005658,17.0
HCP91A,1521912598331,16.0
HCP91A,1521916202165,16.0
HCP91A,1521919804604,17.0
HCP91A,1521923397214,16.0
HCP91A,1521927001282,16.0
HCP91A,1521930605255,16.0
HCP91A,1521934198244,16.0
HCP91A,1521937796419,17.0
HCP91A,1521941403758,17.0
HCP91A,1521945002528,17.0
HCP91A,1521948602148,17.0
HCP91A,1521952203741,16.0
HCP91A,1521955800643,17.0
HCP91A,1521959396250,16.0
HCP91A,1521962997490,17.0
HCP91A,1521966604286,16.0
HCP91A,1521970201720,16.0
HCP91A,1521973805106,16.0
HCP91A,1521977403958,16.0
HCP91A,1521980997820,16.0
HCP91A,1521984605348,16.0
HCP91A,1521988204327,17.0
HCP91A,1521991801096,16.0
HCP91A,1521995400495,16.0
HCP91A,1521999002129,16.0
HCP91A,1522002598026,17.0
HCP91A,1522006198947,16.0
HCP91A,1522009796274,16.0
HCP91A,1522013398877,16.0
HCP91A,1522017005134,16.0
HCP91A,1522020600790,17.0
HCP91A,1522024198590,17.0
HCP91A,1522027803382,17.0
HCP91A,1522031404166,17.0
HCP91A,1522035001167,17.0
HCP91A,1522038603380,17.0
HCP91A,1522042201243,17.0
HCP91A,1522045804699,16.0
HCP91A,1522049396656,16.0
HCP91A,1522052998098,17.0
HCP91A,1522056600447,17.0
HCP91A,1522060197525,16.0
HCP91A,1522063803644,17.0
HCP91A,1522067397209,17.0
HCP91A,1522070998583,16.0
HCP91A,1522074601359,17.0
HCP91A,1522078195992,17.0
HCP91A,1522081804063,16.0
HCP91A,1522085398952,16.0
HCP91A,1522088996693,16.0
HCP91A,1522092605211,16.0
HCP91A,1522096201641,16.0
HCP91A,1522099805291,17.0
HCP91A,1522103399223,16.0
HCP91A,1522106998880,16.0
HCP91A,1522110603598,16.0
HCP91A,1522114198011,17.0
HCP91A,1522117803813,16.0
HCP91A,1522121403665,17.0
HCP91A,1522125001993,16.0
HCP91A,1522128601876,17.0
HCP91A,1522132196914,16.0
HCP91A,1522135805851,17.0
HCP91A,1522139405652,16.0
HCP91A,1522142999651,16.0
HCP91A,1522146600771,17.0
HCP91A,1522150203503,17.0
HCP91A,1522153804751,17.0
HCP91A,1522157401450,16.0
HCP91A,1522161004303,16.0
HCP91A,1522164604636,17.0
HCP91A,1522168202665,16.0
HCP91A,1522171798730,17.0
HCP91A,1522175404718,16.0
HCP91A,1522179001527,17.0
HCP91A,1522182602787,17.0
HCP91A,1522186196248,16.0
HCP91A,1522189803723,16.0
HCP91A,1522193399701,17.0
HCP91A,1522197004578,17.0
HCP91A,1522200598042,16.0
HCP91A,1522204198244,16.0
HCP91A,1522207797693,17.0
HCP91A,1522211398619,16.0
HCP91A,1522214996057,16.0
HCP91A,1522218601302,17.0
HCP91A,1522222197849,16.0
HCP91A,1522225799462,17.0
HCP91A,1522229397295,16.0
HCP91A,1522232997187,17.0
HCP91A,1522236603459,17.0
HCP91A,1522240205037,17.0
HCP91A,1522243803656,17.0
HCP91A,1522247400094,16.0
HCP91A,1522250997161,17.0
HCP91A,1522254604011,17.0
HCP91A,1522258205298,17.0
HCP91A,1522261804299,16.0
HCP91A,1522265398747,17.0
HCP91A,1522269003007,16.0
HCP91A,1522272597470,17.0
HCP91A,1522276199905,17.0
HCP91A,1522279799113,17.0
HCP91A,1522283400793,17.0
HCP91A,1522287005631,17.0
HCP91A,1522290603305,16.0
HCP91A,1522294202535,17.0
HCP91A,1522297800954,17.0
HCP91A,1522301404455,16.0
HCP91A,1522305004622,16.0
HCP91A,1522308603643,17.0
HCP91A,1522312201797,17.0
HCP91A,1522315796127,16.0
HCP91A,1522319399085,17.0
HCP91A,1522323001771,16.0
HCP91A,1522326598530,17.0
HCP91A,1522330205357,16.0
HCP91A,1522333798084,16.0
HCP91A,1522337398961,16.0
HCP91A,1522341001847,16.0
HCP91A,1522344600749,16.0
HCP91A,1522348200196,17.0
HCP91A,1522351804505,17.0
HCP91A,1522355404718,16.0
HCP91A,1522358997322,17.0
HCP91A,1522362603153,17.0
HCP91A,1522366200415,16.0
HCP91A,1522369799203,17.0
HCP91A,1522373404948,16.0
HCP91A,1522376998590,17.0
HCP91A,1522380600115,17.0
HCP91A,1522384200725,16.0
HCP91A,1522387797577,17.0
HCP91A,1522391398611,16.0
HCP91A,1522394996470,17.0
HCP91A,1522398604418,17.0
HCP91A,1522402201246,16.0
HCP91A,1522405796456,16.0
HCP91A,1522409398123,16.0
HCP91A,1522413005421,17.0
HCP91A,1522416604149,17.0
HCP91A,1522420205769,17.0
HCP91A,1522423799977,17.0
HCP91A,1522427396714,17.0
HCP91A,1522430998101,16.0
HCP91A,1522434601202,17.0
HCP91A,1522438199221,16.0
HCP91A,1522441805758,16.0
HCP91A,1522445400247,17.0
HCP91A,1522449003937,17.0
HCP91A,1522452598810,17.0
HCP91A,1522456205792,17.0
HCP91A,1522459804133,16.0
HCP91A,1522463397881,16.0
HCP91A,1522467005475,16.0
HCP91A,1522470605372,16.0
HCP91A,1522474205259,17.0
HCP91A,1522477804955,17.0
HCP91A,1522481402476,16.0
HCP91A,1522484997869,16.0
HCP91A,1522488598119,16.0
HCP91A,1522492199884,17.0
HCP91A,1522495803399,17.0
HCP91A,1522499403888,17.0
HCP91A,1522503002811,16.0
HCP91A,1522506601268,17.0
HCP91A,1522510199794,16.0
HCP91A,1522513801861,16.0
HCP91A,1522517398551,16.0
HCP91A,1522520996202,16.0
HCP91A,1522524604099,16.0
HCP91A,1522528198030,16.0
HCP91A,1522531802433,17.0
HCP91A,1522535397690,17.0
HCP91A,1522539003790,16.0
HCP91A,1522542603536,16.0
HCP91A,1522546202270,16.0
HCP91A,1522549797329,16.0
HCP91A,1522553403291,16.0
HCP91A,1522557003743,16.0
HCP91A,1522560597111,17.0
HCP91A,1522564205182,17.0
HCP91A,1522567797603,16.0
HCP91A,1522571405492,17.0
HCP91A,1522574999815,16.0
HCP91A,1522578605104,17.0
HCP91A,1522582203569,16.0
HCP91A,1522585804824,17.0
HCP91A,1522589404138,17.0
HCP91A,1522592998460,17.0
HCP91A,1522596598162,16.0
HCP91A,1522600196119,16.0
HCP91A,1522603804925,16.0
HCP91A,1522607396725,16.0
HCP91A,1522611000727,17.0
HCP91A,1522614603551,17.0
HCP91A,1522618196066,17.0
HCP91A,1522621803972,16.0
HCP91A,1522625403263,16.0
HCP91A,1522629003729,16.0
HCP91A,1522632604938,16.0
HCP91A,1522636203023,17.0
HCP91A,1522639803055,16.0
HCP91A,1522643405372,17.0
HCP91A,1522647004794,17.0
HCP91A,1522650602675,16.0
HCP91A,1522654205340,16.0
HCP91A,1522657797975,17.0
HCP91A,1522661398793,17.0
HCP91A,1522665001852,16.0
HCP91A,1522668599805,16.0
HCP91A,1522672204805,17.0
HCP91A,1522675801742,16.0
HCP91A,1522679397177,16.0
HCP91A,1522683000076,17.0
HCP91A,1522686605648,17.0
HCP91A,1522690202948,16.0
HCP91A,1522693797819,16.0
HCP91A,1522697405107,16.0
HCP91A,1522701003760,16.0
HCP91A,1522704601782,16.0
HCP91A,1522708201012,17.0
HCP91A,1522711796864,17.0
HCP91A,1522715404098,16.0
HCP91A,1522718999973,17.0
HCP91A,1522722598202,16.0
HCP91A,1522726199827,17.0
HCP91A,1522729796660,17.0
HCP91A,1522733396687,17.0
HCP91A,1522736999667,17.0
HCP91A,1522740597564,17.0
HCP91A,1522744204453,17.0
HCP91A,1522747799383,17.0
HCP91A,1522751399863,17.0
HCP91A,1522755000416,17.0
HCP91A,1522758601864,17.0
HCP91A,1522762203778,16.0
HCP91A,1522765798627,16.0
HCP91A,1522769400370,17.0
HCP91A,1522772999151,17.0
HCP91A,1522776602694,16.0
HCP91A,1522780205314,17.0
HCP91A,1522783799996,17.0
HCP91A,1522787398177,17.0
HCP91A,1522791000202,16.0
HCP91A,1522794603140,16.0
HCP91A,1522798196245,17.0
HCP91A,1522801798469,16.0
HCP91A,1522805403962,17.0
HCP91A,1522809005369,17.0
HCP91A,1522812597034,17.0
HCP91A,1522816196966,17.0
HCP91A,1522819804001,17.0
HCP91A,1522823398115,16.0
HCP91A,1522827005751,17.0
HCP91A,1522830602399,17.0
HCP91A,1522834198943,16.0
HCP91A,1522837801081,16.0
HCP91A,1522841405020,16.0
HCP91A,1522845004942,16.0
HCP91A,1522848597731,17.0
HCP91A,1522852199713,17.0
HCP91A,1522855803402,16.0
HCP91A,1522859400019,17.0
HCP91A,1522863005807,17.0
HCP91A,1522866601651,17.0
HCP91A,1522870197748,17.0
HCP91A,1522873801840,17.0
HCP91A,1522877398568,16.0
HCP91A,1522881000058,17.0
HCP91A,1522884598641,17.0
HCP91A,1522888201464,17.0
HCP91A,1522891804949,16.0
HCP91A,1522895399843,17.0
HCP91A,1522898998838,17.0
HCP91A,1522902602593,17.0
HCP91A,1522906200733,17.0
HCP91A,1522909796573,17.0
HCP91A,1522913399550,16.0
HCP91A,1522917005908,17.0
HCP91A,1522920596571,17.0
HCP91A,1522924197225,17.0
HCP91A,1522927802036,16.0
HCP91A,1522931401817,16.0
HCP91A,1522935005979,16.0
HCP91A,1522938596362,17.0
HCP91A,1522942205509,16.0
HCP91A,1522945798573,17.0
HCP91A,1522949405259,16.0
HCP91A,1522952996228,16.0
HCP91A,1522956601952,16.0
HCP91A,1522960199309,16.0
HCP91A,1522963798732,17.0
HCP91A,1522967398126,16.0
HCP91A,1522970997799,16.0
HCP91A,1522974599434,16.0
HCP91A,1522978202881,16.0
HCP91A,1522981798433,16.0
HCP91A,1522985403341,17.0
HCP91A,1522989003509,16.0
HCP91A,1522992600892,16.0
HCP91A,1522996202952,17.0
HCP91A,1522999805255,16.0
HCP91A,1523003399266,17.0
HCP91A,1523006998262,16.0
HCP91A,1523010598191,17.0
HCP91A,1523014196061,16.0
HCP91A,1523017798855,17.0
HCP91A,1523021400085,17.0
HCP91A,1523025002854,17.0
HCP91A,1523028602136,17.0
HCP91A,1523032198475,16.0
HCP91A,1523035805733,17.0
HCP91A,1523039399821,17.0
HCP91A,1523043005523,16.0
HCP91A,1523046604041,16.0
HCP91A,1523050199986,16.0
HCP91A,1523053803624,16.0
HCP91A,1523057398891,16.0
HCP91A,1523061001724,16.0
HCP91A,1523064603897,16.0
HCP91A,1523068204858,17.0
HCP91A,1523071796769,17.0
HCP91A,1523075396114,16.0
HCP91A,1523079002092,16.0
HCP91A,1523082601322,17.0
HCP91A,1523086205780,16.0
HCP91A,1523089799818,16.0
HCP91A,1523093404748,16.0
HCP91A,1523097003075,17.0
HCP91A,1523100604634,17.0
HCP91A,1523104200168,16.0
HCP91A,1523107803727,17.0
HCP91A,1523111398525,16.0
HCP91A,1523115003718,16.0
HCP91A,1523118602318,16.0
HCP91A,1523122203625,16.0
HCP91A,1523125800039,16.0
HCP91A,1523129403600,17.0
HCP91A,1523133000594,17.0
HCP91A,1523136602660,17.0
HCP91A,1523140199838,16.0
HCP91A,1523143799409,17.0
HCP91A,1523147401196,16.0
HCP91A,1523151000186,16.0
HCP91A,1523154604164,17.0
HCP91A,1523158202565,16.0
HCP91A,1523161803446,16.0
HCP91A,1523165399543,17.0
HCP91A,1523169001100,17.0
HCP91A,1523172602058,17.0
HCP91A,1523176198012,16.0
HCP91A,1523179803530,17.0
HCP91A,1523183399482,17.0
HCP91A,1523186999022,17.0
HCP91A,1523190597835,16.0
HCP91A,1523194196722,16.0
HCP91A,1523197796070,17.0
HCP91A,1523201399442,16.0
HCP91A,1523205005108,16.0
HCP91A,1523208605362,16.0
HCP91A,1523212203511,17.0
HCP91A,1523215803322,17.0
HCP91A,1523219405975,16.0
HCP91A,1523222998079,17.0
HCP91A,1523226596137,16.0
HCP91A,1523230197196,17.0
HCP91A,1523233805930,17.0
HCP91A,1523237403327,17.0
HCP91A,1523241002041,16.0
HCP91A,1523244604782,16.0
HCP91A,1523248199602,16.0
HCP91A,1523251803257,17.0
HCP91A,1523255398565,17.0
HCP91A,1523258997147,16.0
HCP91A,1523262603174,16.0
HCP91A,1523266204937,17.0
HCP91A,1523269798143,16.0
HCP91A,1523273398460,17.0
HCP91A,1523276998800,16.0
HCP91A,1523280596251,16.0
HCP91A,1523284199800,17.0
HCP91A,1523287798464,17.0
HCP91A,1523291405309,16.0
HCP91A,1523295005804,17.0
HCP91A,1523298598342,17.0
HCP91A,1523302199958,17.0
HCP91A,1523305804810,16.0
HCP91A,1523309402606,17.0
HCP91A,1523312996464,17.0
HCP91A,1523316603216,16.0
HCP91A,1523320199318,17.0
HCP91A,1523323802786,17.0
HCP91A,1523327401327,16.0
HCP91A,1523331003263,17.0
HCP91A,1523334604404,16.0
HCP91A,1523338196222,17.0
HCP91A,1523341798061,16.0
HCP91A,1523345404347,17.0
HCP91A,1523348996488,16.0
HCP91A,1523352600278,17.0
HCP91A,1523356204071,16.0
HCP91A,1523359802665,17.0
HCP91A,1523363396535,17.0
HCP91A,1523366999796,16.0
HCP91A,1523370599339,16.0
HCP91A,1523374201397,16.0
HCP91A,1523377801849,17.0
HCP91A,1523381399266,16.0
HCP91A,1523385004204,17.0
HCP91A,1523388605735,16.0
HCP91A,1523392196328,16.0
HCP91A,1523395796588,16.0
HCP91A,1523399401707,16.0
HCP91A,1523402999327,17.0
HCP91A,1523406601471,17.0
HCP91A,1523410204721,16.0
HCP91A,1523413804526,17.0
HCP91A,1523417402668,17.0
HCP91A,1523421005981,17.0
HCP91A,1523424600864,17.0
HCP91A,1523428200058,17.0
HCP91A,1523431798413,17.0
HCP91A,1523435397074,17.0
HCP91A,1523439003596,17.0
HCP91A,1523442605834,17.0
HCP91A,1523446196456,16.0
HCP91A,1523449802190,17.0
HCP91A,1523453404890,17.0
HCP91A,1523457004215,16.0
HCP91A,1523460599698,17.0
HCP91A,1523464200583,17.0
HCP91A,1523467798256,17.0
HCP91A,1523471396495,16.0
HCP91A,1523474999281,16.0
HCP91A,1523478599009,16.0
HCP91A,1523482202485,16.0
HCP91A,1523485797777,16.0
HCP91A,1523489401182,16.0
HCP91A,1523493001685,17.0
HCP91A,1523496598341,17.0
HCP91A,1523500200653,17.0
HCP91A,1523503802887,16.0
HCP91A,1523507398172,17.0
HCP91A,1523511001516,16.0
HCP91A,1523514599029,17.0
HCP91A,1523518203926,17.0
HCP91A,1523521805282,17.0
HCP91A,1523525405031,17.0
HCP91A,1523529000464,17.0
HCP91A,1523532605837,17.0
HCP91A,1523536199622,16.0
HCP91A,1523539805544,17.0
HCP91A,1523543403011,16.0
HCP91A,1523547001259,16.0
HCP91A,1523550601398,16.0
HCP91A,1523554201713,17.0
HCP91A,1523557803528,17.0
HCP91A,1523561400070,17.0
HCP91A,1523564998789,16.0
HCP91A,1523568603045,17.0
HCP91A,1523572200521,17.0
HCP91A,1523575799409,16.0
HCP91A,1523579400599,16.0
HCP91A,1523582996700,17.0
HCP91A,1523586603779,16.0
HCP91A,1523590200260,17.0
HCP91A,1523593797776,16.0
HCP91A,1523597400125,17.0
HCP91A,1523600999189,17.0
HCP91A,1523604598344,17.0
HCP91A,1523608202826,16.0
HCP91A,1523611804803,16.0
HCP91A,1523615405744,17.0
HCP91A,1523619001322,17.0
HCP91A,1523622599070,16.0
HCP91A,1523626199690,16.0
HCP91A,1523629798951,17.0
HCP91A,1523633396357,16.0
HCP91A,1523637000199,17.0
HCP91A,1523640603440,17.0
HCP91A,1523644202397,17.0
HCP91A,1523647796666,17.0
HCP91A,1523651404148,17.0
HCP91A,1523655000919,16.0
HCP91A,1523658598987,16.0
HCP91A,1523662201017,17.0
HCP91A,1523665797012,16.0
HCP91A,1523669400975,16.0
HCP91A,1523673002233,17.0
HCP91A,1523676597895,17.0
HCP91A,1523680202025,17.0
HCP91A,1523683802302,17.0
HCP91A,1523687405458,17.0
HCP91A,1523691001720,17.0
HCP91A,1523694604728,16.0
HCP91A,1523698196426,16.0
HCP91A,1523701805346,17.0
HCP91A,1523705403203,17.0
HCP91A,1523709004757,16.0
HCP91A,1523712602042,17.0
HCP91A,1523716204569,17.0
HCP91A,1523719803827,17.0
HCP91A,1523723404440,17.0
HCP91A,1523727005850,17.0
HCP91A,1523730603511,17.0
HCP91A,1523734204161,16.0
HCP91A,1523737803932,17.0
HCP91A,1523741403350,16.0
HCP91A,1523744998351,17.0
HCP91A,1523748601308,16.0
HCP91A,1523752205357,17.0
HCP91A,1523755801531,16.0
HCP91A,1523759405878,17.0
HCP91A,1523762997267,16.0
HCP91A,1523766600663,16.0
HCP91A,1523770196987,17.0
HCP91A,1523773797890,16.0
HCP91A,1523777399848,17.0
HCP91A,1523780999003,16.0
HCP91A,1523784601208,17.0
HCP91A,1523788197789,17.0
HCP91A,1523791800012,17.0
HCP91A,1523795397611,16.0
HCP91A,1523799004757,17.0
HCP91A,1523802604834,16.0
HCP91A,1523806197239,16.0
HCP91A,1523809804378,17.0
HCP91A,1523813402602,17.0
HCP91A,1523817003708,16.0
HCP91A,1523820605071,16.0
HCP91A,1523824202926,16.0
HCP91A,1523827805278,16.0
HCP91A,1523831403148,16.0
HCP91A,1523834998525,16.0
HCP91A,1523838598848,17.0
HCP91A,1523842203948,16.0
HCP91A,1523845803329,16.0
HCP91A,1523849405005,16.0
HCP91A,1523852996344,16.0
HCP91A,1523856600656,17.0
HCP91A,1523860204030,16.0
HCP91A,1523863797228,16.0
HCP91A,1523867398307,16.0
HCP91A,1523871005144,17.0
HCP91A,1523874603817,16.0
HCP91A,1523878197641,16.0
HCP91A,1523881803711,16.0
HCP91A,1523885398598,17.0
HCP91A,1523889003881,17.0
HCP91A,1523892596406,16.0
HCP91A,1523896201595,17.0
HCP91A,1523899804506,16.0
HCP91A,1523903396373,17.0
HCP91A,1523907005254,16.0
HCP91A,1523910600265,16.0
HCP91A,1523914200650,16.0
HCP91A,1523917801929,16.0
HCP91A,1523921405678,16.0
HCP91A,1523924996957,16.0
HCP91A,1523928601340,16.0
HCP91A,1523932205393,16.0
HCP91A,1523935803190,16.0
HCP91A,1523939397933,17.0
HCP91A,1523943001991,17.0
HCP91A,1523946605741,16.0
HCP91A,1523950199511,16.0
HCP91A,1523953803856,16.0
HCP91A,1523957398439,17.0
HCP91A,1523961001214,16.0
HCP91A,1523964596668,16.0
HCP91A,1523968197025,17.0
HCP91A,1523971803400,16.0
HCP91A,1523975401957,16.0
HCP91A,1523979002035,17.0
HCP91A,1523982602443,16.0
HCP91A,1523986196424,16.0
HCP91A,1523989800168,16.0
HCP91A,1523993403899,16.0
HCP91A,1523997000236,16.0
HCP91A,1524000597239,17.0
HCP91A,1524004202286,16.0
HCP91A,1524007804820,16.0
HCP91A,1524011397700,16.0
HCP91A,1524014998535,17.0
HCP91A,1524018603951,17.0
HCP91A,1524022201748,16.0
HCP91A,1524025805877,16.0
HCP91A,1524029400717,17.0
HCP91A,1524033000439,17.0
HCP91A,1524036598094,16.0
HCP91A,1524040203218,17.0
HCP91A,1524043798144,16.0
HCP91A,1524047399954,17.0
HCP91A,1524051003658,16.0
HCP91A,1524054596161,16.0
HCP91A,1524058202119,17.0
HCP91A,1524061799006,17.0
HCP91A,1524065399058,16.0
HCP91A,1524068996954,16.0
HCP91A,1524072600781,16.0
HCP91A,1524076199326,17.0
HCP91A,1524079796368,17.0
HCP91A,1524083404151,17.0
HCP91A,1524087003870,16.0
HCP91A,1524090605667,16.0
HCP91A,1524094201763,17.0
HCP91A,1524097798852,17.0
HCP91A,1524101396777,16.0
HCP91A,1524105001682,17.0
HCP91A,1524108598472,16.0
HCP91A,1524112203103,16.0
HCP91A,1524115805629,16.0
HCP91A,1524119399443,16.0
HCP91A,1524123001875,17.0
HCP91A,1524126603158,16.0
HCP91A,1524130197342,16.0
HCP91A,1524133804893,16.0
HCP91A,1524137399318,17.0
HCP91A,1524140999981,16.0
HCP91A,1524144601215,16.0
HCP91A,1524148201036,17.0
HCP91A,1524151798965,17.0
HCP91A,1524155401863,16.0
HCP91A,1524158999974,16.0
HCP91A,1524162604477,17.0
HCP91A,1524166199578,16.0
HCP91A,1524169800058,16.0
HCP91A,1524173404365,16.0
HCP91A,1524177005198,16.0
HCP91A,1524180600924,17.0
HCP91A,1524184200413,16.0
HCP91A,1524187797981,17.0
HCP91A,1524191400033,17.0
HCP91A,1524195002632,16.0
HCP91A,1524198598235,16.0
HCP91A,1524202198979,16.0
HCP91A,1524205803688,16.0
HCP91A,1524209396330,17.0
HCP91A,1524212997326,16.0
HCP91A,1524216596284,17.0
HCP91A,1524220203287,16.0
HCP91A,1524223803810,17.0
HCP91A,1524227405398,16.0
HCP91A,1524231005930,17.0
HCP91A,1524234605078,17.0
HCP91A,1524238204162,16.0
HCP91A,1524241805410,17.0
HCP91A,1524245404719,16.0
HCP91A,1524249005134,17.0
HCP91A,1524252601036,16.0
HCP91A,1524256201747,16.0
HCP91A,1524259797966,16.0
HCP91A,1524263398841,17.0
HCP91A,1524266998501,16.0
HCP91A,1524270596958,17.0
HCP91A,1524274204575,17.0
HCP91A,1524277796308,16.0
HCP91A,1524281399398,16.0
HCP91A,1524285001544,17.0
HCP91A,1524288598921,17.0
HCP91A,1524292205550,17.0
HCP91A,1524295799319,17.0
HCP91A,1524299404473,17.0
HCP91A,1524302996007,16.0
HCP91A,1524306604535,17.0
HCP91A,1524310205012,17.0
HCP91A,1524313801435,16.0
HCP91A,1524317396117,16.0
HCP91A,1524320997060,17.0
HCP91A,1524324603530,16.0
HCP91A,1524328203690,16.0
HCP91A,1524331802946,16.0
HCP91A,1524335400855,16.0
HCP91A,1524339000760,17.0
HCP91A,1524342600371,16.0
HCP91A,1524346202509,17.0
HCP91A,1524349798441,17.0
HCP91A,1524353398033,17.0
HCP91A,1524357004022,17.0
HCP91A,1524360604010,16.0
HCP91A,1524364201666,17.0
HCP91A,1524367802854,16.0
HCP91A,1524371402390,16.0
HCP91A,1524374998748,16.0
HCP91A,1524378597212,16.0
HCP91A,1524382205597,17.0
HCP91A,1524385799766,17.0
HCP91A,1524389401658,16.0
HCP91A,1524393002085,17.0
HCP91A,1524396602510,16.0
HCP91A,1524400201051,17.0
HCP91A,1524403801099,17.0
HCP91A,1524407400908,16.0
HCP91A,1524411000658,17.0
HCP91A,1524414598862,17.0
HCP91A,1524418199643,16.0
HCP91A,1524421804161,16.0
HCP91A,1524425402820,17.0
HCP91A,1524428996152,16.0
HCP91A,1524432598294,17.0
HCP91A,1524436202231,17.0
HCP91A,1524439801218,16.0
HCP91A,1524443398982,16.0
HCP91A,1524446996618,17.0
HCP91A,1524450597458,16.0
HCP91A,1524454198683,16.0
HCP91A,1524457799445,16.0
HCP91A,1524461403735,17.0
HCP91A,1524465001691,16.0
HCP91A,1524468604927,16.0
HCP91A,1524472203076,16.0
HCP91A,1524475796127,17.0
HCP91A,1524479397529,16.0
HCP91A,1524482996036,16.0
HCP91A,1524486603686,17.0
HCP91A,1524490198216,16.0
HCP91A,1524493800695,16.0
HCP91A,1524497401021,16.0
HCP91A,1524500999743,17.0
HCP91A,1524504600406,17.0
HCP91A,1524508197698,16.0
HCP91A,1524511799410,16.0
HCP91A,1524515396403,16.0
HCP91A,1524519005060,16.0
HCP91A,1524522603289,16.0
HCP91A,1524526197997,16.0
HCP91A,1524529805100,17.0
HCP91A,1524533399482,16.0
HCP91A,1524536996221,16.0
HCP91A,1524540603960,16.0
HCP91A,1524544196163,17.0
HCP91A,1524547797221,16.0
HCP91A,1524551401217,16.0
HCP91A,1524554997714,17.0
HCP91A,1524558605907,16.0
HCP91A,1524562202916,17.0
HCP91A,1524565800665,16.0
HCP91A,1524569396473,17.0
HCP91A,1524572997499,16.0
HCP91A,1524576596566,17.0
HCP91A,1524580205964,16.0
HCP91A,1524583799503,16.0
HCP91A,1524587399867,17.0
HCP91A,1524591001999,16.0
HCP91A,1524594601362,16.0
HCP91A,1524598197827,16.0
HCP91A,1524601798532,17.0
HCP91A,1524605397059,17.0
HCP91A,1524609000824,16.0
HCP91A,1524612597137,16.0
HCP91A,1524616202045,16.0
HCP91A,1524619796647,17.0
HCP91A,1524623398601,16.0
HCP91A,1524627001532,17.0
HCP91A,1524630602446,16.0
HCP91A,1524634202166,16.0
HCP91A,1524637799447,17.0
HCP91A,1524641400188,16.0
HCP91A,1524645003836,16.0
HCP91A,1524648605350,16.0
HCP91A,1524652202728,16.0
HCP91A,1524655796289,16.0
HCP91A,1524659396292,17.0
HCP91A,1524663005827,17.0
HCP91A,1524666601727,16.0
HCP91A,1524670204951,16.0
HCP91A,1524673796157,16.0
HCP91A,1524677401654,17.0
HCP91A,1524680996857,17.0
HCP91A,1524684605715,17.0
HCP91A,1524688198264,16.0
HCP91A,1524691796128,17.0
HCP91A,1524695404972,16.0
HCP91A,1524698999507,17.0
HCP91A,1524702597155,17.0
HCP91A,1524706197615,16.0
HCP91A,1524709799978,17.0
HCP91A,1524713403344,16.0
HCP91A,1524717000785,16.0
HCP91A,1524720602312,16.0
HCP91A,1524724196044,16.0
HCP91A,1524727802335,17.0
HCP91A,1524731405859,17.0
HCP91A,1524735001690,17.0
HCP91A,1524738596823,16.0
HCP91A,1524742196187,16.0
HCP91A,1524745803090,17.0
HCP91A,1524749399921,17.0
HCP91A,1524752998586,17.0
HCP91A,1524756596541,17.0
HCP91A,1524760202690,16.0
HCP91A,1524763801584,17.0
HCP91A,1524767399342,16.0
HCP91A,1524770998196,16.0
HCP91A,1524774599616,16.0
HCP91A,1524778205814,16.0
HCP91A,1524781796196,17.0
HCP91A,1524785405468,17.0
HCP91A,1524788999957,17.0
HCP91A,1524792596617,17.0
HCP91A,1524796199721,17.0
HCP91A,1524799803483,16.0
HCP91A,1524803405728,17.0
HCP91A,1524807000045,17.0
HCP91A,1524810602532,16.0
HCP91A,1524814200590,16.0
HCP91A,1524817802110,17.0
HCP91A,1524821399197,16.0
HCP91A,1524824998102,17.0
HCP91A,1524828599328,16.0
HCP91A,1524832201493,17.0
HCP91A,1524835804080,17.0
HCP91A,1524839399609,16.0
HCP91A,1524843005347,16.0
HCP91A,1524846603620,16.0
HCP91A,1524850200358,16.0
HCP91A,1524853798770,17.0
HCP91A,1524857397236,16.0
HCP91A,1524861002293,16.0
HCP91A,1524864601208,17.0
HCP91A,1524868197087,16.0
HCP91A,1524871796699,16.0
HCP91A,1524875404299,16.0
HCP91A,1524879004155,16.0
HCP91A,1524882601288,17.0
HCP91A,1524886201768,16.0
HCP91A,1524889801492,17.0
HCP91A,1524893399484,16.0
HCP91A,1524896997393,16.0
HCP91A,1524900597063,16.0
HCP91A,1524904201767,16.0
HCP91A,1524907800804,17.0
HCP91A,1524911405974,16.0
HCP91A,1524914998300,16.0
HCP91A,1524918603078,17.0
HCP91A,1524922196117,17.0
HCP91A,1524925803213,16.0
HCP91A,1524929402103,16.0
HCP91A,1524932996237,16.0
HCP91A,1524936602220,16.0
HCP91A,1524940200231,17.0
HCP91A,1524943798561,16.0
HCP91A,1524947399440,17.0
HCP91A,1524951003293,16.0
HCP91A,1524954599263,16.0
HCP91A,1524958205228,17.0
HCP91A,1524961805600,16.0
HCP91A,1524965399753,16.0
HCP91A,1524968997785,16.0
HCP91A,1524972604087,16.0
HCP91A,1524976205079,17.0
HCP91A,1524979801706,17.0
HCP91A,1524983396979,16.0
HCP91A,1524986997847,16.0
HCP91A,1524990596887,17.0
HCP91A,1524994199892,16.0
HCP91A,1524997800919,17.0
HCP91A,1525001398270,17.0
HCP91A,1525005001230,17.0
HCP91A,1525008604710,17.0
HCP91A,1525012205607,16.0
HCP91A,1525015805351,17.0
HCP91A,1525019400244,17.0
HCP91A,1525023005639,17.0
HCP91A,1525026600655,17.0
HCP91A,1525030205448,16.0
HCP91A,1525033804027,16.0
HCP91A,1525037399961,16.0
HCP91A,1525041005670,16.0
HCP91A,1525044603486,16.0
HCP91A,1525048197805,16.0
HCP91A,1525051802201,17.0
HCP91A,1525055396669,16.0
HCP91A,1525059004804,16.0
HCP91A,1525062603250,17.0
HCP91A,1525066197196,17.0
HCP91A,1525069801213,17.0
HCP91A,1525073405692,16.0
HCP91A,1525076998247,16.0
HCP91A,1525080600083,16.0
HCP91A,1525084203709,17.0
HCP91A,1525087799491,16.0
HCP91A,1525091402087,17.0
HCP91A,1525094996136,17.0
HCP91A,1525098601881,16.0
HCP91A,1525102204384,17.0
HCP91A,1525105802165,16.0
HCP91A,1525109404270,17.0
HCP91A,1525113000843,16.0
HCP91A,1525116602326,16.0
HCP91A,1525120205279,16.0
HCP91A,1525123804964,16.0
HCP91A,1525127403430,16.0
HCP91A,1525131004253,17.0
HCP91A,1525134603356,16.0
HCP91A,1525138198049,16.0
HCP91A,1525141801301,17.0
HCP91A,1525145402044,16.0
HCP91A,1525148997758,17.0
HCP91A,1525152597097,17.0
HCP91A,1525156199312,16.0
HCP91A,1525159800210,16.0
HCP91A,1525163398737,17.0
HCP91A,1525167000118,17.0
HCP91A,1525170600119,17.0
HCP91A,1525174200728,17.0
HCP91A,1525177805562,16.0
HCP91A,1525181402160,16.0
HCP91A,1525185004692,16.0
HCP91A,1525188599088,17.0
HCP91A,1525192202744,17.0
HCP91A,1525195797221,16.0
HCP91A,1525199398109,17.0
HCP91A,1525203004297,17.0
HCP91A,1525206596037,16.0
HCP91A,1525210203281,17.0
HCP91A,1525213801135,16.0
HCP91A,1525217402376,17.0
HCP91A,1525221004294,17.0
HCP91A,1525224605367,16.0
HCP91A,1525228200500,16.0
HCP91A,1525231801599,16.0
HCP91A,1525235397862,17.0
HCP91A,1525239002229,16.0
HCP91A,1525242602189,17.0
HCP91A,1525246199017,16.0
HCP91A,1525249803278,16.0
HCP91A,1525253402067,16.0
HCP91A,1525257004104,16.0
HCP91A,1525260605435,16.0
HCP91A,1525264203488,17.0
HCP91A,1525267801732,17.0
HCP91A,1525271401002,17.0
HCP91A,1525275001860,16.0
HCP91A,1525278605431,16.0
HCP91A,1525282202579,17.0
HCP91A,1525285798598,16.0
HCP91A,1525289403934,17.0
HCP91A,1525293002712,16.0
HCP91A,1525296596439,17.0
HCP91A,1525300200132,17.0
HCP91A,1525303796843,17.0
HCP91A,1525307405300,17.0
HCP91A,1525310996991,16.0
HCP91A,1525314598538,16.0
HCP91A,1525318198520,16.0
HCP91A,1525321798163,17.0
HCP91A,1525325405574,16.0
HCP91A,1525329004742,16.0
HCP91A,1525332602204,17.0
HCP91A,1525336201641,17.0
HCP91A,1525339805920,16.0
HCP91A,1525343396353,17.0
HCP91A,1525347002921,17.0
HCP91A,1525350601460,16.0
HCP91A,1525354201514,17.0
HCP91A,1525357799165,17.0
HCP91A,1525361403930,16.0
HCP91A,1525364998555,16.0
HCP91A,1525368604173,16.0
HCP91A,1525372199095,17.0
HCP91A,1525375796947,17.0
HCP91A,1525379404305,16.0
HCP91A,1525382998091,17.0
HCP91A,1525386601046,17.0
HCP91A,1525390203012,16.0
HCP91A,1525393798624,16.0
HCP91A,1525397400336,17.0
HCP91A,1525401001145,16.0
HCP91A,1525404604005,17.0
HCP91A,1525408198030,17.0
HCP91A,1525411803858,16.0
HCP91A,1525415399196,17.0
HCP91A,1525418999851,16.0
HCP91A,1525422601178,16.0
HCP91A,1525426205089,17.0
HCP91A,1525429796531,17.0
HCP91A,1525433405089,16.0
HCP91A,1525437002031,17.0
HCP91A,1525440600535,17.0
HCP91A,1525444202029,17.0
HCP91A,1525447799439,17.0
HCP91A,1525451405679,16.0
HCP91A,1525454998168,16.0
HCP91A,1525458600291,17.0
HCP91A,1525462199206,16.0
HCP91A,1525465797385,16.0
HCP91A,1525469402755,17.0
HCP91A,1525473004902,16.0
HCP91A,1525476599057,17.0
HCP91A,1525480202579,17.0
HCP91A,1525483796718,17.0
HCP91A,1525487400835,16.0
HCP91A,1525491002101,17.0
HCP91A,1525494597200,17.0
HCP91A,1525498202782,17.0
HCP91A,1525501797249,16.0
HCP91A,1525505396785,17.0
HCP91A,1525509004155,17.0
HCP91A,1525512605820,16.0
HCP91A,1525516203505,17.0
HCP91A,1525519800351,17.0
HCP91A,1525523401449,17.0
HCP91A,1525527002048,16.0
HCP91A,1525530605597,16.0
HCP91A,1525534201552,17.0
HCP91A,1525537802219,16.0
HCP91A,1525541400490,16.0
HCP91A,1525545004634,17.0
HCP91A,1525548600980,17.0
HCP91A,1525552199913,16.0
HCP91A,1525555802179,17.0
HCP91A,1525559397589,16.0
HCP91A,1525563002015,16.0
HCP91A,1525566597272,16.0
HCP91A,1525570205968,17.0
HCP91A,1525573803529,16.0
HCP91A,1525577401044,17.0
HCP91A,1525581004564,17.0
HCP91A,1525584601743,16.0
HCP91A,1525588198599,16.0
HCP91A,1525591798829,17.0
HCP91A,1525595404869,16.0
HCP91A,1525598999559,16.0
HCP91A,1525602600011,16.0
HCP91A,1525606196192,16.0
HCP91A,1525609799550,17.0
HCP91A,1525613396188,16.0
HCP91A,1525617003550,17.0
HCP91A,1525620603900,16.0
HCP91A,1525624205593,17.0
HCP91A,1525627796184,17.0
HCP91A,1525631403774,16.0
HCP91A,1525635005546,17.0
HCP91A,1525638604636,17.0
HCP91A,1525642197954,17.0
HCP91A,1525645797895,16.0
HCP91A,1525649397452,16.0
HCP91A,1525652999991,16.0
HCP91A,1525656597067,17.0
HCP91A,1525660200684,16.0
HCP91A,1525663803728,16.0
HCP91A,1525667404786,16.0
HCP91A,1525670998747,16.0
HCP91A,1525674600702,16.0
HCP91A,1525678196573,16.0
HCP91A,1525681805635,17.0
HCP91A,1525685402280,17.0
HCP91A,1525689002244,16.0
HCP91A,1525692599092,16.0
HCP91A,1525696197350,16.0
HCP91A,1525699800207,16.0
HCP91A,1525703397249,16.0
HCP91A,1525707000607,16.0
HCP91A,1525710597730,17.0
HCP91A,1525714203544,17.0
HCP91A,1525717804065,17.0
HCP91A,1525721401733,17.0
HCP91A,1525725001098,16.0
HCP91A,1525728603013,17.0
HCP91A,1525732198603,16.0
HCP91A,1525735797109,17.0
HCP91A,1525739397769,17.0
HCP91A,1525742997123,16.0
HCP91A,1525746596255,16.0
HCP91A,1525750200534,17.0
HCP91A,1525753800661,16.0
HCP91A,1525757404248,16.0
HCP91A,1525760996729,17.0
HCP91A,1525764600957,17.0
HCP91A,1525768196077,16.0
HCP91A,1525771805299,16.0
HCP91A,1525775404908,16.0
HCP91A,1525778998854,16.0
HCP91A,1525782597706,16.0
HCP91A,1525786198767,17.0
HCP91A,1525789802279,17.0
HCP91A,1525793400168,16.0
HCP91A,1525797004561,16.0
HCP91A,1525800601343,17.0
HCP91A,1525804198707,16.0
HCP91A,1525807805605,17.0
HCP91A,1525811400590,17.0
HCP91A,1525814999506,16.0
HCP91A,1525818596499,16.0
HCP91A,1525822200503,17.0
HCP91A,1525825799354,16.0
HCP91A,1525829399376,17.0
HCP91A,1525833002498,16.0
HCP91A,1525836604100,17.0
HCP91A,1525840199430,16.0
HCP91A,1525843797259,17.0
HCP91A,1525847405416,17.0
HCP91A,1525851005723,17.0
HCP91A,1525854599341,16.0
HCP91A,1525858205982,16.0
HCP91A,1525861796229,17.0
HCP91A,1525865401556,17.0
HCP91A,1525869005413,16.0
HCP91A,1525872603009,16.0
HCP91A,1525876197555,17.0
HCP91A,1525879805539,17.0
HCP91A,1525883396926,16.0
HCP91A,1525887001123,17.0
HCP91A,1525890597784,17.0
HCP91A,1525894204549,16.0
HCP91A,1525897804209,16.0
HCP91A,1525901398718,17.0
HCP91A,1525905003409,17.0
HCP91A,1525908598433,16.0
HCP91A,1525912201441,16.0
HCP91A,1525915800694,16.0
HCP91A,1525919403336,17.0
HCP91A,1525923004184,17.0
HCP91A,1525926604797,16.0
HCP91A,1525930197001,16.0
HCP91A,1525933801059,17.0
HCP91A,1525937398902,17.0
HCP91A,1525941001953,16.0
HCP91A,1525944598841,16.0
HCP91A,1525948196133,17.0
HCP91A,1525951799950,16.0
HCP91A,1525955403344,17.0
HCP91A,1525958998572,16.0
HCP91A,1525962605207,16.0
HCP91A,1525966198367,17.0
HCP91A,1525969802268,16.0
HCP91A,1525973396753,17.0
HCP91A,1525976998936,17.0
HCP91A,1525980599957,16.0
HCP91A,1525984199395,17.0
HCP91A,1525987798751,17.0
HCP91A,1525991396005,16.0
HCP91A,1525995001999,17.0
HCP91A,1525998602950,16.0
HCP91A,1526002204331,16.0
HCP91A,1526005800272,16.0
HCP91A,1526009397435,17.0
HCP91A,1526013000213,17.0
HCP91A,1526016601903,16.0
HCP91A,1526020197804,16.0
HCP91A,1526023797628,17.0
HCP91A,1526027404359,16.0
HCP91A,1526031002629,17.0
HCP91A,1526034600336,16.0
HCP91A,1526038202309,17.0
HCP91A,1526041801889,17.0
HCP91A,1526045402218,17.0
HCP91A,1526048999601,17.0
HCP91A,1526052605901,17.0
HCP91A,1526056203852,17.0
HCP91A,1526059803549,17.0
HCP91A,1526063403354,16.0
HCP91A,1526066996619,16.0
HCP91A,1526070597681,16.0
HCP91A,1526074205791,16.0
HCP91A,1526077804422,17.0
HCP91A,1526081403256,17.0
HCP91A,1526084996366,16.0
HCP91A,1526088599538,17.0
HCP91A,1526092198818,16.0
HCP91A,1526095804081,16.0
HCP91A,1526099405104,16.0
HCP91A,1526103000268,16.0
HCP91A,1526106596301,16.0
HCP91A,1526110198324,16.0
HCP91A,1526113799703,16.0
HCP91A,1526117396243,16.0
HCP91A,1526121005929,17.0
HCP91A,1526124605392,17.0
HCP91A,1526128198167,16.0
HCP91A,1526131802368,17.0
HCP91A,1526135400937,16.0
HCP91A,1526138999752,17.0
HCP91A,1526142601716,16.0
HCP91A,1526146197309,16.0
HCP91A,1526149805522,17.0
HCP91A,1526153396350,16.0
HCP91A,1526157001731,16.0
HCP91A,1526160603065,17.0
HCP91A,1526164200940,17.0
HCP91A,1526167804921,17.0
HCP91A,1526171401805,17.0
HCP91A,1526175001296,16.0
HCP91A,1526178596768,17.0
HCP91A,1526182198336,16.0
HCP91A,1526185798156,16.0
HCP91A,1526189405429,17.0
HCP91A,1526193004537,16.0
HCP91A,1526196599390,17.0
HCP91A,1526200197805,17.0
HCP91A,1526203804538,17.0
HCP91A,1526207405557,16.0
HCP91A,1526210998063,17.0
HCP91A,1526214602910,16.0
HCP91A,1526218197556,17.0
HCP91A,1526221804930,17.0
HCP91A,1526225400111,16.0
HCP91A,1526229001407,17.0
HCP91A,1526232598233,17.0
HCP91A,1526236196531,16.0
HCP91A,1526239796287,16.0
HCP91A,1526243405971,17.0
HCP91A,1526247002803,16.0
HCP91A,1526250602762,17.0
HCP91A,1526254202176,17.0
HCP91A,1526257797710,17.0
HCP91A,1526261401517,16.0
HCP91A,1526264996541,16.0
HCP91A,1526268600472,16.0
HCP91A,1526272202662,16.0
HCP91A,1526275796322,17.0
HCP91A,1526279402595,17.0
HCP91A,1526283005066,17.0
HCP91A,1526286602132,16.0
HCP91A,1526290198034,16.0
HCP91A,1526293803190,17.0
HCP91A,1526297403855,16.0
HCP91A,1526301004609,16.0
HCP91A,1526304598014,17.0
HCP91A,1526308201456,17.0
HCP91A,1526311801714,16.0
HCP91A,1526315402219,16.0
HCP91A,1526318999737,17.0
HCP91A,1526322601840,16.0
HCP91A,1526326204077,17.0
HCP91A,1526329797215,16.0
HCP91A,1526333399335,17.0
HCP91A,1526336996387,16.0
HCP91A,1526340597118,17.0
HCP91A,1526344202670,16.0
HCP91A,1526347803199,16.0
HCP91A,1526351401981,17.0
HCP91A,1526354997542,16.0
HCP91A,1526358601321,17.0
HCP91A,1526362204826,16.0
HCP91A,1526365799247,17.0
HCP91A,1526369400966,16.0
HCP91A,1526372996967,16.0
HCP91A,1526376601683,16.0
HCP91A,1526380204512,16.0
HCP91A,1526383800722,17.0
HCP91A,1526387399420,17.0
HCP91A,1526391005863,17.0
HCP91A,1526394597654,16.0
HCP91A,1526398201728,16.0
HCP91A,1526401798209,17.0
HCP91A,1526405404420,16.0
HCP91A,1526408998060,16.0
HCP91A,1526412597335,17.0
HCP91A,1526416202128,17.0
HCP91A,1526419802027,16.0
HCP91A,1526423403643,17.0
HCP91A,1526426996770,17.0
HCP91A,1526430597190,17.0
HCP91A,1526434198959,17.0
HCP91A,1526437798658,17.0
HCP91A,1526441398204,17.0
HCP91A,1526445002529,16.0
HCP91A,1526448604821,17.0
HCP91A,1526452203713,16.0
HCP91A,1526455798707,17.0
HCP91A,1526459400386,16.0
HCP91A,1526463003796,16.0
HCP91A,1526466600039,17.0
HCP91A,1526470204311,16.0
HCP91A,1526473799562,16.0
HCP91A,1526477398388,16.0
HCP91A,1526480998120,17.0
HCP91A,1526484602345,16.0
HCP91A,1526488204750,17.0
HCP91A,1526491802337,17.0
HCP91A,1526495396075,16.0
HCP91A,1526499003678,17.0
HCP91A,1526502605412,17.0
HCP91A,1526506199863,17.0
HCP91A,1526509803046,16.0
HCP91A,1526513405467,16.0
HCP91A,1526516997716,16.0
HCP91A,1526520596420,16.0
HCP91A,1526524199874,16.0
HCP91A,1526527799833,17.0
HCP91A,1526531398042,17.0
HCP91A,1526535001515,16.0
HCP91A,1526538600011,16.0
HCP91A,1526542203968,17.0
HCP91A,1526545803712,16.0
HCP91A,1526549403100,16.0
HCP91A,1526552998414,17.0
HCP91A,1526556603229,17.0
HCP91A,1526560205494,16.0
HCP91A,1526563805487,16.0
HCP91A,1526567401402,16.0
HCP91A,1526570999117,16.0
HCP91A,1526574596444,16.0
HCP91A,1526578199448,17.0
HCP91A,1526581801745,17.0
HCP91A,1526585398177,17.0
HCP91A,1526589005188,17.0
HCP91A,1526592597682,16.0
HCP91A,1526596199382,16.0
HCP91A,1526599802122,17.0
HCP91A,1526603397394,16.0
HCP91A,1526606997126,16.0
HCP91A,1526610605598,17.0
HCP91A,1526614205643,16.0
HCP91A,1526617802894,16.0
HCP91A,1526621398962,17.0
HCP91A,1526625000609,16.0
HCP91A,1526628604636,17.0
HCP91A,1526632199038,16.0
HCP91A,1526635804132,16.0
HCP91A,1526639402824,16.0
HCP91A,1526643005219,17.0
HCP91A,1526646605357,16.0
HCP91A,1526650198397,17.0
HCP91A,1526653796830,16.0
HCP91A,1526657401275,16.0
HCP91A,1526660997480,16.0
HCP91A,1526664602961,16.0
HCP91A,1526668200689,16.0
HCP91A,1526671803294,16.0
HCP91A,1526675396989,17.0
HCP91A,1526678997731,17.0
HCP91A,1526682600047,16.0
HCP91A,1526686198252,16.0
HCP91A,1526689799581,17.0
HCP91A,1526693405211,16.0
HCP91A,1526697003979,16.0
HCP91A,1526700598660,17.0
HCP91A,1526704196281,17.0
HCP91A,1526707797010,17.0
HCP91A,1526711396855,17.0
HCP91A,1526714997783,17.0
HCP91A,1526718599190,16.0
HCP91A,1526722197234,16.0
HCP91A,1526725800057,17.0
HCP91A,1526729400873,16.0
HCP91A,1526732999594,17.0
HCP91A,1526736601688,17.0
HCP91A,1526740204488,17.0
HCP91A,1526743796081,16.0
HCP91A,1526747401277,17.0
HCP91A,1526750996098,16.0
HCP91A,1526754597646,16.0
HCP91A,1526758197142,16.0
HCP91A,1526761804411,17.0
HCP91A,1526765403795,16.0
HCP91A,1526769003798,16.0
HCP91A,1526772597362,16.0
HCP91A,1526776198526,16.0
HCP91A,1526779803116,17.0
HCP91A,1526783405420,17.0
HCP91A,1526787003937,16.0
HCP91A,1526790603270,16.0
HCP91A,1526794197411,17.0
HCP91A,1526797799185,17.0
HCP91A,1526801405136,16.0
HCP91A,1526804998147,16.0
HCP91A,1526808602366,17.0
HCP91A,1526812200357,16.0
HCP91A,1526815804560,16.0
HCP91A,1526819402423,16.0
HCP91A,1526823003925,17.0
HCP91A,1526826602413,17.0
HCP91A,1526830198801,16.0
HCP91A,1526833798279,16.0
HCP91A,1526837399765,16.0
HCP91A,1526841003069,16.0
HCP91A,1526844605305,17.0
HCP91A,1526848203544,17.0
HCP91A,1526851797145,17.0
HCP91A,1526855396732,17.0
HCP91A,1526859003244,16.0
HCP91A,1526862602483,16.0
HCP91A,1526866203600,16.0
HCP91A,1526869797845,16.0
HCP91A,1526873404067,16.0
HCP91A,1526877003538,17.0
HCP91A,1526880602028,16.0
HCP91A,1526884201009,16.0
HCP91A,1526887797367,16.0
HCP91A,1526891405283,16.0
HCP91A,1526894998463,16.0
HCP91A,1526898604959,17.0
HCP91A,1526902204917,16.0
HCP91A,1526905805314,16.0
HCP91A,1526909401630,16.0
HCP91A,1526912996590,17.0
HCP91A,1526916596873,16.0
HCP91A,1526920199200,17.0
HCP91A,1526923796399,17.0
HCP91A,1526927402912,16.0
HCP91A,1526931004581,17.0
HCP91A,1526934601776,17.0
HCP91A,1526938196924,16.0
HCP91A,1526941803815,16.0
HCP91A,1526945402441,16.0
HCP91A,1526948998070,16.0
HCP91A,1526952596095,16.0
HCP91A,1526956200648,17.0
HCP91A,1526959797545,16.0
HCP91A,1526963395992,17.0
HCP91A,1526967004965,16.0
HCP91A,1526970596508,17.0
HCP91A,1526974198684,17.0
HCP91A,1526977800543,17.0
HCP91A,1526981403965,17.0
HCP91A,1526984998715,16.0
HCP91A,1526988598873,17.0
HCP91A,1526992201604,17.0
HCP91A,1526995798360,16.0
HCP91A,1526999398609,17.0
HCP91A,1527002996857,17.0
HCP91A,1527006601445,16.0
HCP91A,1527010201673,17.0
HCP91A,1527013803659,17.0
HCP91A,1527017396666,17.0
HCP91A,1527021005423,16.0
HCP91A,1527024604147,17.0
HCP91A,1527028201064,17.0
HCP91A,1527031801224,17.0
HCP91A,1527035399443,16.0
HCP91A,1527039005775,16.0
HCP91A,1527042599274,16.0
HCP91A,1527046200499,17.0
HCP91A,1527049802707,17.0
HCP91A,1527053400405,16.0
HCP91A,1527056998052,16.0
HCP91A,1527060597645,16.0
HCP91A,1527064204963,17.0
HCP91A,1527067798432,17.0
HCP91A,1527071398012,16.0
HCP91A,1527074997131,17.0
HCP91A,1527078601706,16.0
HCP91A,1527082203469,17.0
HCP91A,1527085801176,16.0
HCP91A,1527089403057,17.0
HCP91A,1527092996881,17.0
HCP91A,1527096601273,16.0
HCP91A,1527100196338,17.0
HCP91A,1527103805848,16.0
HCP91A,1527107397792,16.0
HCP91A,1527110999415,16.0
HCP91A,1527114600997,16.0
HCP91A,1527118204825,17.0
HCP91A,1527121803749,17.0
HCP91A,1527125398857,16.0
HCP91A,1527129005407,17.0
HCP91A,1527132600352,16.0
HCP91A,1527136201102,16.0
HCP91A,1527139801700,16.0
HCP91A,1527143399902,16.0
HCP91A,1527146997387,16.0
HCP91A,1527150596140,17.0
HCP91A,1527154204447,17.0
HCP91A,1527157797125,16.0
HCP91A,1527161396906,16.0
HCP91A,1527165002688,17.0
HCP91A,1527168597842,17.0
HCP91A,1527172203718,16.0
HCP91A,1527175804431,16.0
HCP91A,1527179400639,16.0
HCP91A,1527182999993,16.0
HCP91A,1527186603511,16.0
HCP91A,1527190203693,16.0
HCP91A,1527193798303,16.0
HCP91A,1527197405087,16.0
HCP91A,1527201000032,17.0
HCP91A,1527204600411,17.0
HCP91A,1527208199177,16.0
HCP91A,1527211802437,17.0
HCP91A,1527215401128,17.0
HCP91A,1527219005632,17.0
HCP91A,1527222602310,17.0
HCP91A,1527226199914,17.0
HCP91A,1527229801133,17.0
HCP91A,1527233405829,17.0
HCP91A,1527236997828,17.0
HCP91A,1527240601553,17.0
HCP91A,1527244205850,16.0
HCP91A,1527247805207,16.0
HCP91A,1527251398080,16.0
HCP91A,1527254998529,16.0
HCP91A,1527258603504,17.0
HCP91A,1527262202164,17.0
HCP91A,1527265803531,17.0
HCP91A,1527269398798,16.0
HCP91A,1527273004144,17.0
HCP91A,1527276601611,17.0
HCP91A,1527280196215,17.0
HCP91A,1527283797618,16.0
HCP91A,1527287403468,16.0
HCP91A,1527291002430,16.0
HCP91A,1527294599849,16.0
HCP91A,1527298197976,16.0
HCP91A,1527301796315,16.0
HCP91A,1527305403393,16.0
HCP91A,1527308999190,17.0
HCP91A,1527312601757,16.0
HCP91A,1527316198964,16.0
HCP91A,1527319797098,16.0
HCP91A,1527323405943,17.0
HCP91A,1527327005135,17.0
HCP91A,1527330602303,16.0
HCP91A,1527334201329,17.0
HCP91A,1527337805302,17.0
HCP91A,1527341403151,17.0
HCP91A,1527345004681,16.0
HCP91A,1527348599407,17.0
HCP91A,1527352196049,16.0
HCP91A,1527355797857,17.0
HCP91A,1527359397294,16.0
HCP91A,1527363002304,17.0
HCP91A,1527366604116,17.0
HCP91A,1527370200872,17.0
HCP91A,1527373798318,16.0
HCP91A,1527377396210,16.0
HCP91A,1527380998272,17.0
HCP91A,1527384600220,16.0
HCP91A,1527388196043,17.0
HCP91A,1527391803557,17.0
HCP91A,1527395396472,16.0
HCP91A,1527399004373,17.0
HCP91A,1527402597271,17.0
HCP91A,1527406201162,16.0
HCP91A,1527409799936,16.0
HCP91A,1527413403679,16.0
HCP91A,1527417003111,17.0
HCP91A,1527420603558,17.0
HCP91A,1527424205662,17.0
HCP91A,1527427799462,16.0
HCP91A,1527431405204,17.0
HCP91A,1527435003486,16.0
HCP91A,1527438604715,17.0
HCP91A,1527442198424,16.0
HCP91A,1527445805014,16.0
HCP91A,1527449403515,16.0
HCP91A,1527452997489,17.0
HCP91A,1527456605912,17.0
HCP91A,1527460197897,17.0
HCP91A,1527463805797,16.0
HCP91A,1527467405195,16.0
HCP91A,1527470998935,17.0
HCP91A,1527474604506,17.0
HCP91A,1527478199113,16.0
HCP91A,1527481798442,16.0
HCP91A,1527485396026,16.0
HCP91A,1527488996921,16.0
HCP91A,1527492596613,17.0
HCP91A,1527496204028,17.0
HCP91A,1527499801993,17.0
HCP91A,1527503404694,16.0
HCP91A,1527507002343,17.0
HCP91A,1527510603316,17.0
HCP91A,1527514204907,16.0
HCP91A,1527517796693,17.0
HCP91A,1527521401219,16.0
HCP91A,1527524999510,17.0
HCP91A,1527528597293,17.0
HCP91A,1527532202075,17.0
HCP91A,1527535804588,17.0
HCP91A,1527539396265,16.0
HCP91A,1527543005450,17.0
HCP91A,1527546599216,17.0
HCP91A,1527550201992,17.0
HCP91A,1527553805750,17.0
HCP91A,1527557399793,17.0
HCP91A,1527560997581,17.0
HCP91A,1527564598046,16.0
HCP91A,1527568205493,17.0
HCP91A,1527571803476,16.0
HCP91A,1527575400078,17.0
HCP91A,1527579000825,16.0
HCP91A,1527582596948,17.0
HCP91A,1527586201988,16.0
HCP91A,1527589799678,16.0
HCP91A,1527593405108,16.0
HCP91A,1527596999154,16.0
HCP91A,1527600602312,16.0
HCP91A,1527604197247,17.0
HCP91A,1527607796733,16.0
HCP91A,1527611396029,16.0
HCP91A,1527615002741,17.0
HCP91A,1527618601633,17.0
HCP91A,1527622197971,16.0
HCP91A,1527625796633,16.0
HCP91A,1527629402165,16.0
HCP91A,1527633000919,16.0
HCP91A,1527636598250,17.0
HCP91A,1527640204378,16.0
HCP91A,1527643804434,16.0
HCP91A,1527647400584,16.0
HCP91A,1527650998179,16.0
HCP91A,1527654601526,17.0
HCP91A,1527658203657,17.0
HCP91A,1527661796681,16.0
HCP91A,1527665404135,16.0
HCP91A,1527668997446,17.0
HCP91A,1527672600297,17.0
HCP91A,1527676196805,16.0
HCP91A,1527679798427,17.0
HCP91A,1527683397012,16.0
HCP91A,1527687003650,17.0
HCP91A,1527690600438,17.0
HCP91A,1527694197098,16.0
HCP91A,1527697800220,16.0
HCP91A,1527701402233,17.0
HCP91A,1527705004523,16.0
HCP91A,1527708597199,16.0
HCP91A,1527712205420,17.0
HCP91A,1527715803600,16.0
HCP91A,1527719400034,16.0
HCP91A,1527723003306,17.0
HCP91A,1527726600197,16.0
HCP91A,1527730198912,17.0
HCP91A,1527733798012,17.0
HCP91A,1527737397592,16.0
HCP91A,1527741004393,17.0
HCP91A,1527744603905,17.0
HCP91A,1527748200974,16.0
HCP91A,1527751800557,17.0
HCP91A,1527755398044,17.0
HCP91A,1527759004526,17.0
HCP91A,1527762600060,17.0
HCP91A,1527766204700,16.0
HCP91A,1527769805142,17.0
HCP91A,1527773401043,16.0
HCP91A,1527777000446,17.0
HCP91A,1527780599578,16.0
HCP91A,1527784198221,17.0
HCP91A,1527787804383,17.0
HCP91A,1527791400668,16.0
HCP91A,1527794999088,16.0
HCP91A,1527798600669,16.0
HCP91A,1527802199012,17.0
HCP91A,1527805796035,16.0
HCP91A,1527809403416,16.0
HCP91A,1527813002513,17.0
HCP91A,1527816596740,16.0
HCP91A,1527820197055,16.0
HCP91A,1527823800812,16.0
HCP91A,1527827403992,17.0
HCP91A,1527830996516,17.0
HCP91A,1527834601632,17.0
HCP91A,1527838196348,16.0
HCP91A,1527841798579,17.0
HCP91A,1527845405339,17.0
HCP91A,1527849000872,16.0
HCP91A,1527852604374,16.0
HCP91A,1527856196067,17.0
HCP91A,1527859799457,17.0
HCP91A,1527863404857,16.0
HCP91A,1527867001134,16.0
HCP91A,1527870603933,16.0
HCP91A,1527874199153,16.0
HCP91A,1527877796328,17.0
HCP91A,1527881397829,16.0
HCP91A,1527885003367,16.0
HCP91A,1527888603896,16.0
HCP91A,1527892196094,16.0
HCP91A,1527895801363,16.0
HCP91A,1527899401994,16.0
HCP91A,1527903002261,16.0
HCP91A,1527906598180,16.0
HCP91A,1527910204047,17.0
HCP91A,1527913797599,16.0
HCP91A,1527917400057,17.0
HCP91A,1527920998708,17.0
HCP91A,1527924600499,17.0
HCP91A,1527928199492,17.0
HCP91A,1527931799191,16.0
HCP91A,1527935401052,17.0
HCP91A,1527939005386,16.0
HCP91A,1527942596758,16.0
HCP91A,1527946203139,17.0
HCP91A,1527949805979,16.0
HCP91A,1527953397139,17.0
HCP91A,1527957004886,16.0
HCP91A,1527960604132,17.0
HCP91A,1527964198435,17.0
HCP91A,1527967799726,17.0
HCP91A,1527971398727,16.0
HCP91A,1527975001027,17.0
HCP91A,1527978597240,17.0
HCP91A,1527982202619,16.0
HCP91A,1527985799595,16.0
HCP91A,1527989405915,16.0
HCP91A,1527993002765,16.0
HCP91A,1527996598224,16.0
HCP91A,1528000204250,16.0
HCP91A,1528003803289,16.0
HCP91A,1528007396667,17.0
HCP91A,1528010998529,17.0
HCP91A,1528014599053,17.0
HCP91A,1528018200602,16.0
HCP91A,1528021802011,17.0
HCP91A,1528025402951,16.0
HCP91A,1528028998540,17.0
HCP91A,1528032604674,17.0
HCP91A,1528036205641,17.0
HCP91A,1528039799515,16.0
HCP91A,1528043401814,17.0
HCP91A,1528047003649,17.0
HCP91A,1528050601824,17.0
HCP91A,1528054198089,17.0
HCP91A,1528057798263,17.0
HCP91A,1528061405565,17.0
HCP91A,1528064998418,16.0
HCP91A,1528068599008,16.0
HCP91A,1528072204464,16.0
HCP91A,1528075802605,17.0
HCP91A,1528079397391,17.0
HCP91A,1528082998446,16.0
HCP91A,1528086604181,16.0
HCP91A,1528090196873,16.0
HCP91A,1528093805483,16.0
HCP91A,1528097401158,17.0
HCP91A,1528100997112,17.0
HCP91A,1528104598604,17.0
HCP91A,1528108204234,16.0
HCP91A,1528111804571,16.0
HCP91A,1528115399792,17.0
HCP91A,1528119005908,17.0
HCP91A,1528122599108,16.0
HCP91A,1528126200468,17.0
HCP91A,1528129805254,16.0
HCP91A,1528133398623,17.0
HCP91A,1528137000291,17.0
HCP91A,1528140605208,17.0
HCP91A,1528144203587,17.0
HCP91A,1528147798653,16.0
HCP91A,1528151399074,16.0
HCP91A,1528154996928,17.0
HCP91A,1528158602869,16.0
HCP91A,1528162198434,16.0
HCP91A,1528165804797,17.0
HCP91A,1528169401146,17.0
HCP91A,1528172997785,16.0
HCP91A,1528176603954,17.0
HCP91A,1528180196661,16.0
HCP91A,1528183798082,16.0
HCP91A,1528187397057,16.0
HCP91A,1528191003860,17.0
HCP91A,1528194599067,16.0
HCP91A,1528198205608,16.0
HCP91A,1528201804189,17.0
HCP91A,1528205401730,17.0
HCP91A,1528209004802,17.0
HCP91A,1528212604942,16.0
HCP91A,1528216197234,16.0
HCP91A,1528219805589,17.0
HCP91A,1528223401119,17.0
HCP91A,1528227001784,17.0
HCP91A,1528230602536,17.0
HCP91A,1528234204987,16.0
HCP91A,1528237800809,17.0
HCP91A,1528241397724,17.0
HCP91A,1528244998357,16.0
HCP91A,1528248596018,17.0
HCP91A,1528252205531,16.0
HCP91A,1528255796914,17.0
HCP91A,1528259397461,16.0
HCP91A,1528263001451,17.0
HCP91A,1528266602335,17.0
HCP91A,1528270199315,17.0
HCP91A,1528273802035,16.0
HCP91A,1528277403610,17.0
HCP91A,1528281000402,16.0
HCP91A,1528284598315,17.0
HCP91A,1528288201390,16.0
HCP91A,1528291797506,17.0
HCP91A,1528295402788,17.0
HCP91A,1528299004952,17.0
HCP91A,1528302600487,16.0
HCP91A,1528306202075,16.0
HCP91A,1528309797591,17.0
HCP91A,1528313401642,17.0
HCP91A,1528316997535,16.0
HCP91A,1528320603566,16.0
HCP91A,1528324202461,17.0
HCP91A,1528327797187,16.0
HCP91A,1528331403499,17.0
HCP91A,1528335001813,16.0
HCP91A,1528338596972,16.0
HCP91A,1528342199286,16.0
HCP91A,1528345805777,17.0
HCP91A,1528349398365,16.0
HCP91A,1528353005178,17.0
HCP91A,1528356605466,17.0
HCP91A,1528360196218,17.0
HCP91A,1528363800868,17.0
HCP91A,1528367403651,17.0
HCP91A,1528371003157,17.0
HCP91A,1528374605680,17.0
HCP91A,1528378204877,16.0
HCP91A,1528381796784,16.0
HCP91A,1528385403682,17.0
HCP91A,1528388995999,16.0
HCP91A,1528392602905,17.0
HCP91A,1528396197183,17.0
HCP91A,1528399797694,17.0
HCP91A,1528403405829,16.0
HCP91A,1528406997982,17.0
HCP91A,1528410601568,16.0
HCP91A,1528414200900,16.0
HCP91A,1528417799715,16.0
HCP91A,1528421396673,16.0
HCP91A,1528425002483,17.0
HCP91A,1528428596454,17.0
HCP91A,1528432204363,17.0
HCP91A,1528435799485,16.0
HCP91A,1528439401116,17.0
HCP91A,1528443003797,16.0
HCP91A,1528446603602,17.0
HCP91A,1528450201708,17.0
HCP91A,1528453801537,17.0
HCP91A,1528457400213,17.0
HCP91A,1528461004875,16.0
HCP91A,1528464600099,17.0
HCP91A,1528468197307,17.0
HCP91A,1528471801391,17.0
HCP91A,1528475404030,17.0
HCP91A,1528478999668,16.0
HCP91A,1528482598776,17.0
HCP91A,1528486201339,16.0
HCP91A,1528489803236,17.0
HCP91A,1528493405725,17.0
HCP91A,1528496999135,16.0
HCP91A,1528500596117,16.0
HCP91A,1528504203692,17.0
HCP91A,1528507798224,16.0
HCP91A,1528511397706,16.0
HCP91A,1528515001844,16.0
HCP91A,1528518603390,17.0
HCP91A,1528522205642,16.0
HCP91A,1528525799662,16.0
HCP91A,1528529400634,16.0
HCP91A,1528532996172,17.0
HCP91A,1528536599890,16.0
HCP91A,1528540200667,17.0
HCP91A,1528543802114,17.0
HCP91A,1528547398194,16.0
HCP91A,1528551001720,16.0
HCP91A,1528554597962,16.0
HCP91A,1528558196451,17.0
HCP91A,1528561796758,16.0
HCP91A,1528565400326,16.0
HCP91A,1528569005182,17.0
HCP91A,1528572599307,17.0
HCP91A,1528576202600,16.0
HCP91A,1528579797249,16.0
HCP91A,1528583400308,16.0
HCP91A,1528586999444,17.0
HCP91A,1528590601634,16.0
HCP91A,1528594196521,17.0
HCP91A,1528597797266,16.0
HCP91A,1528601402322,17.0
HCP91A,1528604997704,16.0
HCP91A,1528608597636,17.0
HCP91A,1528612205514,16.0
HCP91A,1528615798098,16.0
HCP91A,1528619396440,17.0
HCP91A,1528623001462,16.0
HCP91A,1528626603032,17.0
HCP91A,1528630203629,17.0
HCP91A,1528633804427,17.0
HCP91A,1528637398284,17.0
HCP91A,1528641005551,16.0
HCP91A,1528644596626,17.0
HCP91A,1528648203458,16.0
HCP91A,1528651798571,16.0
HCP91A,1528655400784,17.0
HCP91A,1528659003535,16.0
HCP91A,1528662600745,16.0
HCP91A,1528666196085,17.0
HCP91A,1528669796867,17.0
HCP91A,1528673403160,17.0
HCP91A,1528676999687,16.0
HCP91A,1528680605236,16.0
HCP91A,1528684199995,16.0
HCP91A,1528687801373,17.0
HCP91A,1528691398380,16.0
HCP91A,1528695005853,16.0
HCP91A,1528698596917,17.0
HCP91A,1528702197720,16.0
HCP91A,1528705803473,17.0
HCP91A,1528709403694,17.0
HCP91A,1528713002441,16.0
HCP91A,1528716599276,16.0
HCP91A,1528720204939,16.0
HCP91A,1528723798031,16.0
HCP91A,1528727403176,16.0
HCP91A,1528730996567,16.0
HCP91A,1528734604712,16.0
HCP91A,1528738199476,17.0
HCP91A,1528741800188,17.0
HCP91A,1528745401568,17.0
HCP91A,1528748997231,17.0
HCP91A,1528752604377,16.0
HCP91A,1528756201866,17.0
HCP91A,1528759804057,16.0
HCP91A,1528763402579,16.0
HCP91A,1528767002341,16.0
HCP91A,1528770602114,17.0
HCP91A,1528774202686,17.0
HCP91A,1528777801808,17.0
HCP91A,1528781401783,16.0
HCP91A,1528784999053,17.0
HCP91A,1528788600308,17.0
HCP91A,1528792203181,17.0
HCP91A,1528795801467,17.0
HCP91A,1528799399838,16.0
HCP91A,1528803005386,16.0
HCP91A,1528806598392,17.0
HCP91A,1528810198981,17.0
HCP91A,1528813796929,16.0
HCP91A,1528817402202,16.0
HCP91A,1528820999228,16.0
HCP91A,1528824598020,16.0
HCP91A,1528828198558,16.0
HCP91A,1528831802729,16.0
HCP91A,1528835402302,17.0
HCP91A,1528838998128,17.0
HCP91A,1528842599623,16.0
HCP91A,1528846200706,17.0
HCP91A,1528849801387,17.0
HCP91A,1528853401516,16.0
HCP91A,1528856997269,17.0
HCP91A,1528860601502,17.0
HCP91A,1528864198907,16.0
HCP91A,1528867802420,16.0
HCP91A,1528871396846,16.0
HCP91A,1528875000879,17.0
HCP91A,1528878596160,17.0
HCP91A,1528882202079,17.0
HCP91A,1528885805554,16.0
HCP91A,1528889405232,16.0
HCP91A,1528893004135,16.0
HCP91A,1528896602622,17.0
HCP91A,1528900205305,17.0
HCP91A,1528903795990,17.0
HCP91A,1528907402598,17.0
HCP91A,1528910997930,16.0
HCP91A,1528914598902,17.0
HCP91A,1528918197329,16.0
HCP91A,1528921805196,16.0
HCP91A,1528925401834,17.0
HCP91A,1528928998694,16.0
HCP91A,1528932601931,16.0
HCP91A,1528936196403,16.0
HCP91A,1528939799994,17.0
HCP91A,1528943402273,17.0
HCP91A,1528946999640,17.0
HCP91A,1528950597376,17.0
HCP91A,1528954203205,16.0
HCP91A,1528957800871,16.0
HCP91A,1528961398804,16.0
HCP91A,1528964998385,16.0
HCP91A,1528968598443,16.0
HCP91A,1528972202148,17.0
HCP91A,1528975804167,16.0
HCP91A,1528979404526,17.0
HCP91A,1528983005387,16.0
HCP91A,1528986602140,17.0
HCP91A,1528990203363,16.0
HCP91A,1528993797401,16.0
HCP91A,1528997401370,17.0
HCP91A,1529000996863,17.0
HCP91A,1529004597076,17.0
HCP91A,1529008201981,17.0
HCP91A,1529011804025,16.0
HCP91A,1529015399526,17.0
HCP91A,1529019002527,17.0
HCP91A,1529022605730,17.0
HCP91A,1529026204930,16.0
HCP91A,1529029800675,17.0
HCP91A,1529033403507,17.0
HCP91A,1529036999479,16.0
HCP91A,1529040598731,16.0
HCP91A,1529044201045,17.0
HCP91A,1529047798171,17.0
HCP91A,1529051396293,17.0
HCP91A,1529055000497,16.0
HCP91A,1529058602497,17.0
HCP91A,1529062204121,17.0
HCP91A,1529065801810,17.0
HCP91A,1529069398238,17.0
HCP91A,1529073005721,16.0
HCP91A,1529076599836,17.0
HCP91A,1529080202156,16.0
HCP91A,1529083799988,16.0
HCP91A,1529087401976,17.0
HCP91A,1529091004682,16.0
HCP91A,1529094605081,16.0
HCP91A,1529098202302,16.0
HCP91A,1529101802948,16.0
HCP91A,1529105403494,16.0
HCP91A,1529108999677,17.0
HCP91A,1529112598741,17.0
HCP91A,1529116203802,17.0
HCP91A,1529119802363,16.0
HCP91A,1529123403171,16.0
HCP91A,1529127005129,16.0
HCP91A,1529130601237,17.0
HCP91A,1529134204255,16.0
HCP91A,1529137801106,16.0
HCP91A,1529141405043,16.0
HCP91A,1529145000135,17.0
HCP91A,1529148602720,17.0
HCP91A,1529152200698,16.0
HCP91A,1529155800201,16.0
HCP91A,1529159399901,17.0
HCP91A,1529162996377,16.0
HCP91A,1529166599924,17.0
HCP91A,1529170201257,16.0
HCP91A,1529173803999,17.0
HCP91A,1529177399198,17.0
HCP91A,1529181000788,17.0
HCP91A,1529184599036,16.0
HCP91A,1529188203645,16.0
HCP91A,1529191799355,17.0
HCP91A,1529195403722,17.0
HCP91A,1529198997492,17.0
HCP91A,1529202605363,17.0
HCP91A,1529206204713,16.0
HCP91A,1529209805532,17.0
HCP91A,1529213399903,17.0
HCP91A,1529216996373,16.0
HCP91A,1529220596328,17.0
HCP91A,1529224196109,17.0
HCP91A,1529227801761,17.0
HCP91A,1529231397011,16.0
HCP91A,1529235005221,17.0
HCP91A,1529238605721,17.0
HCP91A,1529242198957,17.0
HCP91A,1529245799798,17.0
HCP91A,1529249401765,16.0
HCP91A,1529252999782,16.0
HCP91A,1529256605852,16.0
HCP91A,1529260201440,17.0
HCP91A,1529263798408,17.0
HCP91A,1529267403348,16.0
HCP91A,1529270999092,17.0
HCP91A,1529274605663,17.0
HCP91A,1529278199894,17.0
HCP91A,1529281799485,16.0
HCP91A,1529285403522,17.0
HCP91A,1529288999210,17.0
HCP91A,1529292599349,17.0
HCP91A,1529296198694,16.0
HCP91A,1529299798879,16.0
HCP91A,1529303399938,17.0
HCP91A,1529307005601,16.0
HCP91A,1529310603291,17.0
HCP91A,1529314205694,17.0
HCP91A,1529317796403,17.0
HCP91A,1529321397297,17.0
HCP91A,1529324998230,17.0
HCP91A,1529328604140,17.0
HCP91A,1529332200688,16.0
HCP91A,1529335796504,17.0
HCP91A,1529339398280,17.0
HCP91A,1529342998398,17.0
HCP91A,1529346604505,16.0
HCP91A,1529350199585,17.0
HCP91A,1529353803614,16.0
HCP91A,1529357405398,17.0
HCP91A,1529360996840,16.0
HCP91A,1529364605170,16.0
HCP91A,1529368204525,17.0
HCP91A,1529371799950,16.0
HCP91A,1529375398303,17.0
HCP91A,1529379001706,17.0
HCP91A,1529382603078,17.0
HCP91A,1529386197595,17.0
HCP91A,1529389802459,17.0
HCP91A,1529393400098,16.0
HCP91A,1529396996098,17.0
HCP91A,1529400598459,17.0
HCP91A,1529404203523,16.0
HCP91A,1529407797742,16.0
HCP91A,1529411400279,17.0
HCP91A,1529415005942,16.0
HCP91A,1529418596377,17.0
HCP91A,1529422199101,17.0
HCP91A,1529425802128,16.0
HCP91A,1529429403648,16.0
HCP91A,1529433000568,16.0
HCP91A,1529436598132,17.0
HCP91A,1529440199144,17.0
HCP91A,1529443799077,17.0
HCP91A,1529447398212,16.0
HCP91A,1529451002839,17.0
HCP91A,1529454602223,17.0
HCP91A,1529458205643,17.0
HCP91A,1529461798845,16.0
HCP91A,1529465399120,17.0
HCP91A,1529468997955,17.0
HCP91A,1529472601444,16.0
HCP91A,1529476203260,16.0
HCP91A,1529479801925,17.0
HCP91A,1529483398968,17.0
HCP91A,1529486997609,16.0
HCP91A,1529490602563,16.0
HCP91A,1529494196358,16.0
HCP91A,1529497803840,16.0
HCP91A,1529501402479,16.0
HCP91A,1529505001952,17.0
HCP91A,1529508605564,16.0
HCP91A,1529512198483,17.0
HCP91A,1529515800356,17.0
HCP91A,1529519402570,17.0
HCP91A,1529522999659,17.0
HCP91A,1529526601927,16.0
HCP91A,1529530197170,17.0
HCP91A,1529533799954,17.0
HCP91A,1529537398720,16.0
HCP91A,1529540998041,17.0
HCP91A,1529544601979,16.0
HCP91A,1529548202323,17.0
HCP91A,1529551799522,17.0
HCP91A,1529555396753,16.0
HCP91A,1529559004811,16.0
HCP91A,1529562605458,17.0
HCP91A,1529566203013,17.0
HCP91A,1529569805186,16.0
HCP91A,1529573399049,16.0
HCP91A,1529577000751,16.0
HCP91A,1529580603458,16.0
HCP91A,1529584203623,17.0
HCP91A,1529587800454,16.0
HCP91A,1529591399825,16.0
HCP91A,1529595002864,16.0
HCP91A,1529598599431,17.0
HCP91A,1529602200492,17.0
HCP91A,1529605803677,17.0
HCP91A,1529609396301,17.0
HCP91A,1529613003121,17.0
HCP91A,1529616601231,17.0
HCP91A,1529620201711,17.0
HCP91A,1529623796741,17.0
HCP91A,1529627400784,17.0
HCP91A,1529630996143,17.0
HCP91A,1529634603934,17.0
HCP91A,1529638204250,17.0
HCP91A,1529641796407,17.0
HCP91A,1529645396707,16.0
HCP91A,1529648999004,17.0
HCP91A,1529652600377,17.0
HCP91A,1529656205430,16.0
HCP91A,1529659798334,17.0
HCP91A,1529663401892,16.0
HCP91A,1529666996187,16.0
HCP91A,1529670604563,16.0
HCP91A,1529674204542,17.0
HCP91A,1529677796074,16.0
HCP91A,1529681398225,16.0
HCP91A,1529685005328,17.0
HCP91A,1529688603176,17.0
HCP91A,1529692201742,17.0
HCP91A,1529695801702,17.0
HCP91A,1529699405899,17.0
HCP91A,1529703000573,17.0
HCP91A,1529706599640,17.0
HCP91A,1529710202784,16.0
HCP91A,1529713805897,17.0
HCP91A,1529717405207,16.0
HCP91A,1529721005468,16.0
HCP91A,1529724596863,17.0
HCP91A,1529728199978,17.0
HCP91A,1529731804524,16.0
HCP91A,1529735396247,17.0
HCP91A,1529739004236,17.0
HCP91A,1529742602120,16.0
HCP91A,1529746196761,17.0
HCP91A,1529749798960,16.0
HCP91A,1529753401675,17.0
HCP91A,1529757001367,16.0
HCP91A,1529760600648,16.0
HCP91A,1529764204712,16.0
HCP91A,1529767800329,17.0
HCP91A,1529771403542,16.0
HCP91A,1529774997403,16.0
HCP91A,1529778599290,17.0
HCP91A,1529782203742,17.0
HCP91A,1529785797355,17.0
HCP91A,1529789401613,16.0
HCP91A,1529792998219,17.0
HCP91A,1529796605115,16.0
HCP91A,1529800202202,16.0
HCP91A,1529803802951,16.0
HCP91A,1529807397690,17.0
HCP91A,1529810996845,16.0
HCP91A,1529814602591,16.0
HCP91A,1529818204056,16.0
HCP91A,1529821805985,17.0
HCP91A,1529825405480,16.0
HCP91A,1529829001199,17.0
HCP91A,1529832604252,17.0
HCP91A,1529836200145,17.0
HCP91A,1529839800652,16.0
HCP91A,1529843403035,16.0
HCP91A,1529847000534,17.0
HCP91A,1529850597209,17.0
HCP91A,1529854204370,17.0
HCP91A,1529857805292,17.0
HCP91A,1529861402165,17.0
HCP91A,1529864998992,16.0
HCP91A,1529868604799,16.0
HCP91A,1529872200503,17.0
HCP91A,1529875805410,17.0
HCP91A,1529879397174,17.0
HCP91A,1529883003952,17.0
HCP91A,1529886597401,16.0
HCP91A,1529890196303,16.0
HCP91A,1529893801974,17.0
HCP91A,1529897403628,17.0
HCP91A,1529901001884,17.0
HCP91A,1529904605577,17.0
HCP91A,1529908202038,16.0
HCP91A,1529911797653,16.0
HCP91A,1529915397200,17.0
HCP91A,1529919005943,16.0
HCP91A,1529922605173,17.0
HCP91A,1529926202038,16.0
HCP91A,1529929801538,16.0
HCP91A,1529933396569,16.0
HCP91A,1529937003899,17.0
HCP91A,1529940600742,16.0
HCP91A,1529944198281,17.0
HCP91A,1529947799625,16.0
HCP91A,1529951397820,17.0
HCP91A,1529954998691,16.0
HCP91A,1529958599395,16.0
HCP91A,1529962201116,17.0
HCP91A,1529965796245,16.0
HCP91A,1529969399287,16.0
HCP91A,1529973001803,17.0
HCP91A,1529976602625,17.0
HCP91A,1529980198061,16.0
HCP91A,1529983798150,16.0
HCP91A,1529987396582,17.0
HCP91A,1529990996192,17.0
HCP91A,1529994596965,17.0
HCP91A,1529998203549,17.0
HCP91A,1530001804241,17.0
HCP91A,1530005400077,17.0
HCP91A,1530008997992,16.0
HCP91A,1530012603412,16.0
HCP91A,1530016205764,17.0
HCP91A,1530019800242,16.0
HCP91A,1530023397099,17.0
HCP91A,1530027002765,17.0
HCP91A,1530030601393,16.0
HCP91A,1530034201895,16.0
HCP91A,1530037799549,17.0
HCP91A,1530041405890,16.0
HCP91A,1530044998213,17.0
HCP91A,1530048604685,17.0
HCP91A,1530052196199,16.0
HCP91A,1530055798506,16.0
HCP91A,1530059396614,16.0
HCP91A,1530062997358,17.0
HCP91A,1530066596813,17.0
HCP91A,1530070197189,17.0
HCP91A,1530073800819,17.0
HCP91A,1530077401471,17.0
HCP91A,1530080999723,16.0
HCP91A,1530084600682,17.0
HCP91A,1530088196982,16.0
HCP91A,1530091801086,17.0
HCP91A,1530095399192,16.0
HCP91A,1530099005087,16.0
HCP91A,1530102603493,17.0
HCP91A,1530106196228,17.0
HCP91A,1530109804790,16.0
HCP91A,1530113403425,17.0
HCP91A,1530117003548,16.0
HCP91A,1530120597138,17.0
HCP91A,1530124198159,17.0
HCP91A,1530127801655,17.0
HCP91A,1530131399171,16.0
HCP91A,1530135004263,16.0
HCP91A,1530138603449,17.0
HCP91A,1530142196755,16.0
HCP91A,1530145796046,16.0
HCP91A,1530149405881,17.0
HCP91A,1530153004898,16.0
HCP91A,1530156604209,17.0
HCP91A,1530160201400,16.0
HCP91A,1530163800663,17.0
HCP91A,1530167396885,16.0
HCP91A,1530171003094,17.0
HCP91A,1530174597766,16.0
HCP91A,1530178197549,16.0
HCP91A,1530181800531,16.0
HCP91A,1530185399681,16.0
HCP91A,1530188998106,17.0
HCP91A,1530192602735,16.0
HCP91A,1530196200714,16.0
HCP91A,1530199802684,16.0
HCP91A,1530203401293,17.0
HCP91A,1530207005355,16.0
HCP91A,1530210597968,17.0
HCP91A,1530214198587,16.0
HCP91A,1530217799331,17.0
HCP91A,1530221403419,16.0
HCP91A,1530225004872,16.0
HCP91A,1530228598700,17.0
HCP91A,1530232201674,17.0
HCP91A,1530235801057,16.0
HCP91A,1530239400092,17.0
HCP91A,1530242998277,17.0
HCP91A,1530246601915,17.0
HCP91A,1530250199129,17.0
HCP91A,1530253803585,16.0
HCP91A,1530257397225,16.0
HCP91A,1530260998503,17.0
HCP91A,1530264596954,16.0
HCP91A,1530268202166,17.0
HCP91A,1530271803474,17.0
HCP91A,1530275405322,17.0
HCP91A,1530279003525,17.0
HCP91A,1530282605332,17.0
HCP91A,1530286199176,17.0
HCP91A,1530289804459,17.0
HCP91A,1530293399764,16.0
HCP91A,1530296998654,16.0
HCP91A,1530300599144,16.0
HCP91A,1530304205449,16.0
HCP91A,1530307801707,16.0
HCP91A,1530311398242,17.0
HCP91A,1530315005517,17.0
HCP91A,1530318597279,16.0
HCP91A,1530322196745,16.0
HCP91A,1530325800662,17.0
HCP91A,1530329399290,16.0
HCP91A,1530333002033,17.0
HCP91A,1530336605064,16.0
HCP91A,1530340203724,16.0
HCP91A,1530343801261,16.0
HCP91A,1530347399116,17.0
HCP91A,1530351001480,17.0
HCP91A,1530354596798,16.0
HCP91A,1530358201245,16.0
HCP91A,1530361800474,16.0
HCP91A,1530365399816,17.0
HCP91A,1530368999922,16.0
HCP91A,1530372597789,17.0
HCP91A,1530376199115,17.0
HCP91A,1530379796781,17.0
HCP91A,1530383396327,16.0
HCP91A,1530386997110,17.0
HCP91A,1530390599036,17.0
HCP91A,1530394201192,16.0
HCP91A,1530397800581,17.0
HCP91A,1530401397840,17.0
HCP91A,1530405000659,17.0
HCP91A,1530408596659,17.0
HCP91A,1530412200304,17.0
HCP91A,1530415796553,16.0
HCP91A,1530419402992,16.0
HCP91A,1530423005140,16.0
HCP91A,1530426598388,16.0
HCP91A,1530430201148,17.0
HCP91A,1530433798237,16.0
HCP91A,1530437403272,16.0
HCP91A,1530441005978,16.0
HCP91A,1530444605403,17.0
HCP91A,1530448204286,16.0
HCP91A,1530451805369,17.0
HCP91A,1530455405362,16.0
HCP91A,1530459003109,16.0
HCP91A,1530462604242,16.0
HCP91A,1530466205032,16.0
HCP91A,1530469801590,16.0
HCP91A,1530473400528,17.0
HCP91A,1530476997024,16.0
HCP91A,1530480604595,16.0
HCP91A,1530484201293,17.0
HCP91A,1530487805343,17.0
HCP91A,1530491397194,17.0
HCP91A,1530495005520,16.0
HCP91A,1530498596357,16.0
HCP91A,1530502200781,16.0
HCP91A,1530505803901,17.0
HCP91A,1530509404207,16.0
HCP91A,1530513005591,17.0
HCP91A,1530516600735,17.0
HCP91A,1530520205294,16.0
HCP91A,1530523797691,17.0
HCP91A,1530527404471,16.0
HCP91A,1530531004822,17.0
HCP91A,1530534600302,17.0
HCP91A,1530538203177,17.0
HCP91A,1530541803472,17.0
HCP91A,1530545398778,17.0
HCP91A,1530548997799,17.0
HCP91A,1530552596471,16.0
HCP91A,1530556204059,17.0
HCP91A,1530559802575,16.0
HCP91A,1530563401932,16.0
HCP91A,1530566999294,16.0
HCP91A,1530570603657,17.0
HCP91A,1530574200483,16.0
HCP91A,1530577803340,17.0
HCP91A,1530581397120,16.0
HCP91A,1530584998500,17.0
HCP91A,1530588600254,17.0
HCP91A,1530592200062,16.0
HCP91A,1530595802923,16.0
HCP91A,1530599398594,17.0
HCP91A,1530603004848,17.0
HCP91A,1530606596934,17.0
HCP91A,1530610199571,17.0
HCP91A,1530613802465,16.0
HCP91A,1530617401430,16.0
HCP91A,1530620999390,17.0
HCP91A,1530624604283,16.0
HCP91A,1530628198763,17.0
HCP91A,1530631804309,17.0
HCP91A,1530635397694,17.0
HCP91A,1530639001724,16.0
HCP91A,1530642603939,17.0
HCP91A,1530646205533,17.0
HCP91A,1530649802516,17.0
HCP91A,1530653401819,16.0
HCP91A,1530657005926,16.0
HCP91A,1530660601366,17.0
HCP91A,1530664196780,16.0
HCP91A,1530667800887,17.0
HCP91A,1530671404650,17.0
HCP91A,1530675003734,17.0
HCP91A,1530678605161,16.0
HCP91A,1530682198248,16.0
HCP91A,1530685796674,17.0
HCP91A,1530689402680,16.0
HCP91A,1530692996985,17.0
HCP91A,1530696601010,16.0
HCP91A,1530700201719,17.0
HCP91A,1530703799078,17.0
HCP91A,1530707397012,17.0
HCP91A,1530711003423,16.0
HCP91A,1530714605808,16.0
HCP91A,1530718202064,17.0
HCP91A,1530721797069,17.0
HCP91A,1530725405639,16.0
HCP91A,1530728997755,17.0
HCP91A,1530732603458,17.0
HCP91A,1530736199679,16.0
HCP91A,1530739796203,16.0
HCP91A,1530743400017,17.0
HCP91A,1530747004017,17.0
HCP91A,1530750596768,17.0
HCP91A,1530754198917,16.0
HCP91A,1530757805781,17.0
HCP91A,1530761404702,16.0
HCP91A,1530765002930,17.0
HCP91A,1530768604538,17.0
HCP91A,1530772196597,16.0
HCP91A,1530775800241,17.0
HCP91A,1530779402829,17.0
HCP91A,1530782997304,16.0
HCP91A,1530786600631,17.0
HCP91A,1530790199023,17.0
HCP91A,1530793796981,17.0
HCP91A,1530797405751,17.0
HCP91A,1530801001788,17.0
HCP91A,1530804601652,17.0
HCP91A,1530808200153,16.0
HCP91A,1530811798747,16.0
HCP91A,1530815401488,16.0
HCP91A,1530819004985,16.0
HCP91A,1530822605857,16.0
HCP91A,1530826201840,17.0
HCP91A,1530829802072,17.0
HCP91A,1530833397326,17.0
HCP91A,1530836997679,17.0
HCP91A,1530840603004,17.0
HCP91A,1530844196466,16.0
HCP91A,1530847797696,16.0
HCP91A,1530851400335,17.0
HCP91A,1530855000896,16.0
HCP91A,1530858599544,17.0
HCP91A,1530862203908,16.0
HCP91A,1530865802871,17.0
HCP91A,1530869404343,17.0
HCP91A,1530873005341,17.0
HCP91A,1530876599450,17.0
HCP91A,1530880201911,16.0
HCP91A,1530883802917,17.0
HCP91A,1530887405854,16.0
HCP91A,1530891002507,16.0
HCP91A,1530894600857,16.0
HCP91A,1530898201353,16.0
HCP91A,1530901797057,17.0
HCP91A,1530905404763,16.0
HCP91A,1530908999889,16.0
HCP91A,1530912596715,17.0
HCP91A,1530916196313,17.0
HCP91A,1530919804406,17.0
HCP91A,1530923396766,16.0
HCP91A,1530927002062,17.0
HCP91A,1530930596303,17.0
HCP91A,1530934199366,16.0
HCP91A,1530937797686,17.0
HCP91A,1530941398958,17.0
HCP91A,1530944996282,16.0
HCP91A,1530948605643,17.0
HCP91A,1530952203437,16.0
HCP91A,1530955799410,17.0
HCP91A,1530959396519,16.0
HCP91A,1530963005889,16.0
HCP91A,1530966603087,16.0
HCP91A,1530970196458,17.0
HCP91A,1530973804897,17.0
HCP91A,1530977398190,16.0
HCP91A,1530981000561,16.0
HCP91A,1530984602514,16.0
HCP91A,1530988198426,17.0
HCP91A,1530991798417,17.0
HCP91A,1530995398484,17.0
HCP91A,1530999002797,17.0
HCP91A,1531002600064,17.0
HCP91A,1531006204771,16.0
HCP91A,1531009805457,16.0
HCP91A,1531013399387,17.0
HCP91A,1531017004761,17.0
HCP91A,1531020602377,16.0
HCP91A,1531024200621,16.0
HCP91A,1531027796819,16.0
HCP91A,1531031399030,16.0
HCP91A,1531035002671,16.0
HCP91A,1531038604326,16.0
HCP91A,1531042196872,16.0
HCP91A,1531045801443,17.0
HCP91A,1531049396350,16.0
HCP91A,1531053003795,17.0
HCP91A,1531056597672,17.0
HCP91A,1531060203685,17.0
HCP91A,1531063805943,16.0
HCP91A,1531067398711,17.0
HCP91A,1531070996104,16.0
HCP91A,1531074602282,16.0
HCP91A,1531078205957,17.0
HCP91A,1531081797039,17.0
HCP91A,1531085401161,17.0
HCP91A,1531089002380,17.0
HCP91A,1531092598046,17.0
HCP91A,1531096199583,17.0
HCP91A,1531099802821,17.0
HCP91A,1531103405357,16.0
HCP91A,1531107002018,16.0
HCP91A,1531110596600,16.0
HCP91A,1531114197682,16.0
HCP91A,1531117804524,17.0
HCP91A,1531121405082,16.0
HCP91A,1531125005861,16.0
HCP91A,1531128600797,16.0
HCP91A,1531132202030,17.0
HCP91A,1531135800122,17.0
HCP91A,1531139405944,17.0
HCP91A,1531143002672,16.0
HCP91A,1531146598054,16.0
HCP91A,1531150201583,16.0
HCP91A,1531153803937,16.0
HCP91A,1531157403308,17.0
HCP91A,1531161003949,17.0
HCP91A,1531164599521,17.0
HCP91A,1531168199111,17.0
HCP91A,1531171805439,17.0
HCP91A,1531175401498,17.0
HCP91A,1531179001105,16.0
HCP91A,1531182596157,17.0
HCP91A,1531186200959,17.0
HCP91A,1531189796234,17.0
HCP91A,1531193404651,17.0
HCP91A,1531196999854,16.0
HCP91A,1531200605484,17.0
HCP91A,1531204205960,16.0
HCP91A,1531207797733,16.0
HCP91A,1531211403104,16.0
HCP91A,1531214999537,17.0
HCP91A,1531218602278,17.0
HCP91A,1531222202798,17.0
HCP91A,1531225804900,17.0
HCP91A,1531229403059,17.0
HCP91A,1531233002706,16.0
HCP91A,1531236601184,17.0
HCP91A,1531240205588,16.0
HCP91A,1531243798416,16.0
HCP91A,1531247401921,16.0
HCP91A,1531251005726,17.0
HCP91A,1531254596531,16.0
HCP91A,1531258205713,17.0
HCP91A,1531261796071,17.0
HCP91A,1531265403061,17.0
HCP91A,1531269002176,17.0
HCP91A,1531272596632,17.0
HCP91A,1531276197565,17.0
HCP91A,1531279800494,17.0
HCP91A,1531283405715,16.0
HCP91A,1531286996818,17.0
HCP91A,1531290604488,17.0
HCP91A,1531294201738,17.0
HCP91A,1531297804590,17.0
HCP91A,1531301400742,16.0
HCP91A,1531304998968,17.0
HCP91A,1531308599236,17.0
HCP91A,1531312203501,17.0
HCP91A,1531315801411,17.0
HCP91A,1531319402374,16.0
HCP91A,1531322996051,16.0
HCP91A,1531326602277,17.0
HCP91A,1531330196374,16.0
HCP91A,1531333801492,17.0
HCP91A,1531337396693,16.0
HCP91A,1531340999272,16.0
HCP91A,1531344603393,17.0
HCP91A,1531348200065,17.0
HCP91A,1531351805220,17.0
HCP91A,1531355397471,16.0
HCP91A,1531359005364,17.0
HCP91A,1531362598466,17.0
HCP91A,1531366199812,16.0
HCP91A,1531369797278,17.0
HCP91A,1531373397847,17.0
HCP91A,1531376998137,16.0
HCP91A,1531380602674,16.0
HCP91A,1531384200227,16.0
HCP91A,1531387796253,17.0
HCP91A,1531391396706,17.0
HCP91A,1531395000982,16.0
HCP91A,1531398600791,16.0
HCP91A,1531402201394,16.0
HCP91A,1531405803360,16.0
HCP91A,1531409397217,17.0
HCP91A,1531412999403,16.0
HCP91A,1531416598894,17.0
HCP91A,1531420200916,16.0
HCP91A,1531423803728,17.0
HCP91A,1531427402667,17.0
HCP91A,1531431002640,17.0
HCP91A,1531434602677,16.0
HCP91A,1531438203191,16.0
HCP91A,1531441799950,16.0
HCP91A,1531445400067,16.0
HCP91A,1531449000136,17.0
HCP91A,1531452597910,16.0
HCP91A,1531456203619,17.0
HCP91A,1531459799211,16.0
HCP91A,1531463404170,17.0
HCP91A,1531467003815,16.0
HCP91A,1531470604181,16.0
HCP91A,1531474204568,16.0
HCP91A,1531477803920,17.0
HCP91A,1531481398605,17.0
HCP91A,1531484996648,16.0
HCP91A,1531488602578,16.0
HCP91A,1531492204158,16.0
HCP91A,1531495798357,16.0
HCP91A,1531499402170,16.0
HCP91A,1531502999418,16.0
HCP91A,1531506598764,17.0
HCP91A,1531510199545,17.0
HCP91A,1531513803730,16.0
HCP91A,1531517396255,17.0
HCP91A,1531520998514,16.0
HCP91A,1531524602104,17.0
HCP91A,1531528202259,16.0
HCP91A,1531531800438,16.0
HCP91A,1531535402285,16.0
HCP91A,1531538996046,17.0
HCP91A,1531542596921,16.0
HCP91A,1531546200289,17.0
HCP91A,1531549796470,16.0
HCP91A,1531553405922,16.0
HCP91A,1531556997050,16.0
HCP91A,1531560604056,17.0
HCP91A,1531564200450,16.0
HCP91A,1531567800130,16.0
HCP91A,1531571398710,17.0
HCP91A,1531575003218,16.0
HCP91A,1531578597628,17.0
HCP91A,1531582202712,17.0
HCP91A,1531585805079,16.0
HCP91A,1531589402845,16.0
HCP91A,1531593002332,17.0
HCP91A,1531596600120,16.0
HCP91A,1531600203282,16.0
HCP91A,1531603801649,17.0
HCP91A,1531607401332,17.0
HCP91A,1531610996528,16.0
HCP91A,1531614596756,16.0
HCP91A,1531618203937,17.0
HCP91A,1531621801661,17.0
HCP91A,1531625401014,17.0
HCP91A,1531629005093,17.0
HCP91A,1531632603977,16.0
HCP91A,1531636200253,17.0
HCP91A,1531639799948,16.0
HCP91A,1531643402391,16.0
HCP91A,1531647001584,17.0
HCP91A,1531650601203,17.0
HCP91A,1531654199727,16.0
HCP91A,1531657796359,17.0
HCP91A,1531661401286,16.0
HCP91A,1531665002569,17.0
HCP91A,1531668604499,16.0
HCP91A,1531672199066,17.0
HCP91A,1531675803895,16.0
HCP91A,1531679396625,17.0
HCP91A,1531682997800,17.0
HCP91A,1531686605713,16.0
HCP91A,1531690204614,17.0
HCP91A,1531693803688,17.0
HCP91A,1531697405976,16.0
HCP91A,1531701001269,17.0
HCP91A,1531704605891,17.0
HCP91A,1531708204966,16.0
HCP91A,1531711805862,17.0
HCP91A,1531715399995,16.0
HCP91A,1531718998821,16.0
HCP91A,1531722600219,16.0
HCP91A,1531726197088,16.0
HCP91A,1531729797521,16.0
HCP91A,1531733397215,17.0
HCP91A,1531737004323,17.0
HCP91A,1531740599534,17.0
HCP91A,1531744202703,17.0
HCP91A,1531747805983,17.0
HCP91A,1531751404370,16.0
HCP91A,1531755001536,17.0
HCP91A,1531758604470,16.0
HCP91A,1531762204698,17.0
HCP91A,1531765797240,16.0
HCP91A,1531769401954,17.0
HCP91A,1531773002884,17.0
HCP91A,1531776597664,17.0
HCP91A,1531780200461,17.0
HCP91A,1531783805899,17.0
HCP91A,1531787399661,16.0
HCP91A,1531791001806,16.0
HCP91A,1531794605142,16.0
HCP91A,1531798202809,16.0
HCP91A,1531801799571,17.0
HCP91A,1531805399734,17.0
HCP91A,1531808996398,17.0
HCP91A,1531812597047,17.0
HCP91A,1531816204271,17.0
HCP91A,1531819797833,17.0
HCP91A,1531823403805,16.0
HCP91A,1531827004375,16.0
HCP91A,1531830596676,17.0
HCP91A,1531834201037,16.0
HCP91A,1531837804420,17.0
HCP91A,1531841399480,16.0
HCP91A,1531844998275,16.0
HCP91A,1531848600807,16.0
HCP91A,1531852201598,17.0
HCP91A,1531855799808,17.0
HCP91A,1531859397025,16.0
HCP91A,1531862996001,17.0
HCP91A,1531866605937,17.0
HCP91A,1531870204978,16.0
HCP91A,1531873797266,16.0
HCP91A,1531877400548,16.0
HCP91A,1531881005018,16.0
HCP91A,1531884597096,16.0
HCP91A,1531888201329,17.0
HCP91A,1531891801359,17.0
HCP91A,1531895396451,16.0
HCP91A,1531899004442,16.0
HCP91A,1531902600741,17.0
HCP91A,1531906197565,17.0
HCP91A,1531909801552,17.0
HCP91A,1531913405717,17.0
HCP91A,1531917004365,17.0
HCP91A,1531920599139,16.0
HCP91A,1531924198973,16.0
HCP91A,1531927797876,16.0
HCP91A,1531931403844,17.0
HCP91A,1531935004399,17.0
HCP91A,1531938598802,16.0
HCP91A,1531942202874,16.0
HCP91A,1531945799757,16.0
HCP91A,1531949396858,16.0
HCP91A,1531952996703,17.0
HCP91A,1531956595990,17.0
HCP91A,1531960203144,16.0
HCP91A,1531963804102,17.0
HCP91A,1531967399136,17.0
HCP91A,1531970999261,17.0
HCP91A,1531974596379,17.0
HCP91A,1531978200657,16.0
HCP91A,1531981802249,17.0
HCP91A,1531985398610,17.0
HCP91A,1531989003209,17.0
HCP91A,1531992603343,17.0
HCP91A,1531996200505,17.0
HCP91A,1531999801153,17.0
HCP91A,1532003397021,16.0
HCP91A,1532007004387,16.0
HCP91A,1532010596939,16.0
HCP91A,1532014201439,17.0
HCP91A,1532017800719,16.0
HCP91A,1532021398534,17.0
HCP91A,1532024999936,16.0
HCP91A,1532028602491,16.0
HCP91A,1532032205806,17.0
HCP91A,1532035800077,16.0
HCP91A,1532039398486,16.0
HCP91A,1532043001808,17.0
HCP91A,1532046603892,16.0
HCP91A,1532050200647,16.0
HCP91A,1532053802388,16.0
HCP91A,1532057397216,16.0
HCP91A,1532061000582,17.0
HCP91A,1532064602972,16.0
HCP91A,1532068203211,16.0
HCP91A,1532071805034,16.0
HCP91A,1532075404832,16.0
HCP91A,1532078997871,17.0
HCP91A,1532082600246,17.0
HCP91A,1532086203813,17.0
HCP91A,1532089804956,17.0
HCP91A,1532093399340,17.0
HCP91A,1532097000202,16.0
HCP91A,1532100598322,16.0
HCP91A,1532104200763,16.0
HCP91A,1532107803851,17.0
HCP91A,1532111401863,16.0
HCP91A,1532115005228,17.0
HCP91A,1532118603322,17.0
HCP91A,1532122201819,17.0
HCP91A,1532125802740,17.0
HCP91A,1532129404811,17.0
HCP91A,1532132998174,16.0
HCP91A,1532136598711,16.0
HCP91A,1532140205158,17.0
HCP91A,1532143799324,17.0
HCP91A,1532147399239,17.0
HCP91A,1532151003507,17.0
HCP91A,1532154605113,17.0
HCP91A,1532158199131,17.0
HCP91A,1532161804817,17.0
HCP91A,1532165405007,17.0
HCP91A,1532168998420,17.0
HCP91A,1532172600761,16.0
HCP91A,1532176202110,16.0
HCP91A,1532179805394,16.0
HCP91A,1532183403177,16.0
HCP91A,1532187004405,17.0
HCP91A,1532190598252,17.0
HCP91A,1532194196128,16.0
HCP91A,1532197804371,17.0
HCP91A,1532201405511,17.0
HCP91A,1532205004453,17.0
HCP91A,1532208602981,17.0
HCP91A,1532212203766,16.0
HCP91A,1532215804031,16.0
HCP91A,1532219398521,16.0
HCP91A,1532222996263,17.0
HCP91A,1532226600258,16.0
HCP91A,1532230200858,17.0
HCP91A,1532233798309,17.0
HCP91A,1532237402023,16.0
HCP91A,1532241000543,16.0
HCP91A,1532244604205,16.0
HCP91A,1532248203696,17.0
HCP91A,1532251798704,17.0
HCP91A,1532255405905,16.0
HCP91A,1532259002136,16.0
HCP91A,1532262603144,17.0
HCP91A,1532266196630,16.0
HCP91A,1532269803237,16.0
HCP91A,1532273402596,16.0
HCP91A,1532276998537,16.0
HCP91A,1532280603432,17.0
HCP91A,1532284200402,17.0
HCP91A,1532287799812,17.0
HCP91A,1532291400997,17.0
HCP91A,1532295005101,16.0
HCP91A,1532298603193,17.0
HCP91A,1532302198263,17.0
HCP91A,1532305804252,17.0
HCP91A,1532309403386,16.0
HCP91A,1532312997525,16.0
HCP91A,1532316602836,17.0
HCP91A,1532320197557,16.0
HCP91A,1532323796554,17.0
HCP91A,1532327400475,17.0
HCP91A,1532330997084,17.0
HCP91A,1532334605747,17.0
HCP91A,1532338196788,16.0
HCP91A,1532341800778,16.0
HCP91A,1532345404491,16.0
HCP91A,1532349005905,17.0
HCP91A,1532352602281,17.0
HCP91A,1532356205403,17.0
HCP91A,1532359797031,16.0
HCP91A,1532363397253,17.0
HCP91A,1532367002146,17.0
HCP91A,1532370596066,17.0
HCP91A,1532374199566,16.0
HCP91A,1532377804368,16.0
HCP91A,1532381401733,16.0
HCP91A,1532385001579,16.0
HCP91A,1532388600332,17.0
HCP91A,1532392199964,17.0
HCP91A,1532395797969,17.0
HCP91A,1532399401309,17.0
HCP91A,1532403005250,17.0
HCP91A,1532406600588,17.0
HCP91A,1532410205517,16.0
HCP91A,1532413798746,17.0
HCP91A,1532417401264,16.0
HCP91A,1532420996015,16.0
HCP91A,1532424603756,17.0
HCP91A,1532428205421,17.0
HCP91A,1532431796507,17.0
HCP91A,1532435397757,17.0
HCP91A,1532439003452,17.0
HCP91A,1532442604378,17.0
HCP91A,1532446203959,16.0
HCP91A,1532449801944,16.0
HCP91A,1532453401394,16.0
HCP91A,1532457000480,16.0
HCP91A,1532460603694,16.0
HCP91A,1532464198028,17.0
HCP91A,1532467798143,17.0
HCP91A,1532471404970,17.0
HCP91A,1532475004454,17.0
HCP91A,1532478605519,17.0
HCP91A,1532482200189,17.0
HCP91A,1532485804185,17.0
HCP91A,1532489399711,16.0
HCP91A,1532492996160,16.0
HCP91A,1532496602305,17.0
HCP91A,1532500198827,16.0
HCP91A,1532503802242,16.0
HCP91A,1532507401963,17.0
HCP91A,1532511001787,17.0
HCP91A,1532514603638,17.0
HCP91A,1532518200611,17.0
HCP91A,1532521801171,16.0
HCP91A,1532525399153,17.0
HCP91A,1532529002077,16.0
HCP91A,1532532600079,16.0
HCP91A,1532536197319,17.0
HCP91A,1532539801784,16.0
HCP91A,1532543396554,16.0
HCP91A,1532547001614,16.0
HCP91A,1532550596413,17.0
HCP91A,1532554196986,17.0
HCP91A,1532557799762,17.0
HCP91A,1532561402785,16.0
HCP91A,1532565001929,16.0
HCP91A,1532568599872,16.0
HCP91A,1532572202884,16.0
HCP91A,1532575801572,16.0
HCP91A,1532579397543,16.0
HCP91A,1532583005465,16.0
HCP91A,1532586605561,16.0
HCP91A,1532590201965,17.0
HCP91A,1532593804571,17.0
HCP91A,1532597401504,17.0
HCP91A,1532601000181,16.0
HCP91A,1532604605883,17.0
HCP91A,1532608202520,16.0
HCP91A,1532611803706,17.0
HCP91A,1532615400180,16.0
HCP91A,1532618996503,16.0
HCP91A,1532622605942,16.0
HCP91A,1532626196869,16.0
HCP91A,1532629797405,16.0
HCP91A,1532633396486,16.0
HCP91A,1532637000330,16.0
HCP91A,1532640601386,16.0
HCP91A,1532644202834,17.0
HCP91A,1532647803940,16.0
HCP91A,1532651399809,16.0
HCP91A,1532654998907,16.0
HCP91A,1532658604445,16.0
HCP91A,1532662198890,17.0
HCP91A,1532665802629,17.0
HCP91A,1532669399285,17.0
HCP91A,1532673003220,16.0
HCP91A,1532676602521,17.0
HCP91A,1532680199926,17.0
HCP91A,1532683798111,17.0
HCP91A,1532687397973,17.0
HCP91A,1532691003036,16.0
HCP91A,1532694598593,16.0
HCP91A,1532698196056,16.0
HCP91A,1532701799163,16.0
HCP91A,1532705404490,17.0
HCP91A,1532709001884,17.0
HCP91A,1532712596844,17.0
HCP91A,1532716204871,17.0
HCP91A,1532719798817,16.0
HCP91A,1532723397111,17.0
HCP91A,1532726999344,17.0
HCP91A,1532730596566,16.0
HCP91A,1532734203323,17.0
HCP91A,1532737805932,17.0
HCP91A,1532741400864,17.0
HCP91A,1532745005665,16.0
HCP91A,1532748601372,16.0
HCP91A,1532752199488,17.0
HCP91A,1532755802568,16.0
HCP91A,1532759397752,16.0
HCP91A,1532763003393,16.0
HCP91A,1532766599440,17.0
HCP91A,1532770198824,17.0
HCP91A,1532773798902,16.0
HCP91A,1532777405026,16.0
HCP91A,1532780997556,16.0
HCP91A,1532784603805,16.0
HCP91A,1532788201903,17.0
HCP91A,1532791805760,17.0
HCP91A,1532795401054,17.0
HCP91A,1532799001278,17.0
HCP91A,1532802598388,17.0
HCP91A,1532806196456,16.0
HCP91A,1532809797723,17.0
HCP91A,1532813398828,16.0
HCP91A,1532816996734,17.0
HCP91A,1532820598781,17.0
HCP91A,1532824202608,17.0
HCP91A,1532827796273,17.0
HCP91A,1532831403102,17.0
HCP91A,1532834996017,17.0
HCP91A,1532838604030,16.0
HCP91A,1532842197633,16.0
HCP91A,1532845800307,16.0
HCP91A,1532849405021,16.0
HCP91A,1532852996414,17.0
HCP91A,1532856602012,17.0
HCP91A,1532860197043,16.0
HCP91A,1532863796948,17.0
HCP91A,1532867399734,17.0
HCP91A,1532871000922,16.0
HCP91A,1532874598544,16.0
HCP91A,1532878205364,17.0
HCP91A,1532881803809,16.0
HCP91A,1532885400236,17.0
HCP91A,1532889000084,16.0
HCP91A,1532892598468,16.0
HCP91A,1532896199738,16.0
HCP91A,1532899796865,17.0
HCP91A,1532903400117,17.0
HCP91A,1532907005270,16.0
HCP91A,1532910602658,17.0
HCP91A,1532914204270,17.0
HCP91A,1532917798545,16.0
HCP91A,1532921402693,16.0
HCP91A,1532924999684,17.0
HCP91A,1532928598212,16.0
HCP91A,1532932204322,16.0
HCP91A,1532935798472,16.0
HCP91A,1532939402440,16.0
HCP91A,1532943005550,17.0
HCP91A,1532946598619,16.0
HCP91A,1532950199437,17.0
HCP91A,1532953796652,17.0
HCP91A,1532957397296,16.0
HCP91A,1532960996153,17.0
HCP91A,1532964604318,16.0
HCP91A,1532968198220,17.0
HCP91A,1532971796057,17.0
HCP91A,1532975403074,17.0
HCP91A,1532978998863,16.0
HCP91A,1532982603835,17.0
HCP91A,1532986201888,17.0
HCP91A,1532989801641,17.0
HCP91A,1532993404685,16.0
HCP91A,1532997002183,17.0
HCP91A,1533000599578,16.0
HCP91A,1533004205240,17.0
HCP91A,1533007797904,17.0
HCP91A,1533011401240,17.0
HCP91A,1533014999282,17.0
HCP91A,1533018604931,17.0
HCP91A,1533022203082,17.0
HCP91A,1533025797617,16.0
HCP91A,1533029405775,16.0
HCP91A,1533033004539,17.0
HCP91A,1533036601286,17.0
HCP91A,1533040203085,16.0
HCP91A,1533043801602,16.0
HCP91A,1533047404552,16.0
HCP91A,1533050996521,16.0
HCP91A,1533054604915,16.0
HCP91A,1533058198836,16.0
HCP91A,1533061797262,17.0
HCP91A,1533065403939,16.0
HCP91A,1533068997522,17.0
HCP91A,1533072603435,17.0
HCP91A,1533076200536,16.0
HCP91A,1533079800830,17.0
HCP91A,1533083404533,16.0
HCP91A,1533087004758,16.0
HCP91A,1533090602560,17.0
HCP91A,1533094196669,16.0
HCP91A,1533097799296,17.0
HCP91A,1533101396492,17.0
HCP91A,1533105003316,17.0
HCP91A,1533108597342,17.0
HCP91A,1533112201008,17.0
HCP91A,1533115804640,17.0
HCP91A,1533119400001,17.0
HCP91A,1533123000840,16.0
HCP91A,1533126597518,17.0
HCP91A,1533130199728,16.0
HCP91A,1533133798124,16.0
HCP91A,1533137399805,17.0
HCP91A,1533141004796,17.0
HCP91A,1533144600544,16.0
HCP91A,1533148201315,16.0
HCP91A,1533151804008,17.0
HCP91A,1533155398022,16.0
HCP91A,1533158997827,16.0
HCP91A,1533162598208,16.0
HCP91A,1533166205744,16.0
HCP91A,1533169800562,16.0
HCP91A,1533173402307,16.0
HCP91A,1533177003654,16.0
HCP91A,1533180602211,17.0
HCP91A,1533184202672,17.0
HCP91A,1533187803715,16.0
HCP91A,1533191402674,16.0
HCP91A,1533195003884,17.0
HCP91A,1533198596858,16.0
HCP91A,1533202200979,17.0
HCP91A,1533205799786,17.0
HCP91A,1533209404541,16.0
HCP91A,1533213000437,17.0
HCP91A,1533216602508,16.0
HCP91A,1533220201249,17.0
HCP91A,1533223800164,17.0
HCP91A,1533227396701,17.0
HCP91A,1533230999119,16.0
HCP91A,1533234597888,16.0
HCP91A,1533238202954,17.0
HCP91A,1533241805372,17.0
HCP91A,1533245397242,16.0
HCP91A,1533249000910,17.0
HCP91A,1533252600126,17.0
HCP91A,1533256202291,16.0
HCP91A,1533259803522,16.0
HCP91A,1533263403577,16.0
HCP91A,1533266996526,17.0
HCP91A,1533270597199,16.0
HCP91A,1533274201833,17.0
HCP91A,1533277796602,16.0
HCP91A,1533281403902,17.0
HCP91A,1533285002373,16.0
HCP91A,1533288596922,16.0
HCP91A,1533292205284,17.0
HCP91A,1533295795999,17.0
HCP91A,1533299398741,17.0
HCP91A,1533303005320,17.0
HCP91A,1533306598341,17.0
HCP91A,1533310199897,16.0
HCP91A,1533313800011,17.0
HCP91A,1533317397266,17.0
HCP91A,1533321002595,17.0
HCP91A,1533324603040,16.0
HCP91A,1533328205033,17.0
HCP91A,1533331798304,17.0
HCP91A,1533335398767,17.0
HCP91A,1533339004962,16.0
HCP91A,1533342598397,17.0
HCP91A,1533346197126,16.0
HCP91A,1533349798837,17.0
HCP91A,1533353401206,16.0
HCP91A,1533357004641,17.0
HCP91A,1533360604656,16.0
HCP91A,1533364205946,16.0
HCP91A,1533367796526,17.0
HCP91A,1533371404293,16.0
HCP91A,1533375001109,16.0
HCP91A,1533378598428,17.0
HCP91A,1533382203782,17.0
HCP91A,1533385800791,16.0
HCP91A,1533389398628,17.0
HCP91A,1533393001333,17.0
HCP91A,1533396601587,17.0
HCP91A,1533400200427,17.0
HCP91A,1533403796569,17.0
HCP91A,1533407404663,16.0
HCP91A,1533411004596,16.0
HCP91A,1533414596418,16.0
HCP91A,1533418197545,16.0
HCP91A,1533421799153,17.0
HCP91A,1533425400660,16.0
HCP91A,1533428998151,17.0
HCP91A,1533432597216,17.0
HCP91A,1533436205944,17.0
HCP91A,1533439805301,17.0
HCP91A,1533443404573,17.0
HCP91A,1533447003946,16.0
HCP91A,1533450599055,17.0
HCP91A,1533454197334,17.0
HCP91A,1533457799858,16.0
HCP91A,1533461403207,16.0
HCP91A,1533464997823,17.0
HCP91A,1533468603261,17.0
HCP91A,1533472197104,17.0
HCP91A,1533475803152,17.0
HCP91A,1533479398411,17.0
HCP91A,1533483003238,17.0
HCP91A,1533486597196,16.0
HCP91A,1533490201229,17.0
HCP91A,1533493800175,17.0
HCP91A,1533497402182,16.0
HCP91A,1533501001262,17.0
HCP91A,1533504598363,17.0
HCP91A,1533508199388,16.0
HCP91A,1533511804869,16.0
HCP91A,1533515400653,16.0
HCP91A,1533519003898,17.0
HCP91A,1533522596945,17.0
HCP91A,1533526199444,16.0
HCP91A,1533529802782,16.0
HCP91A,1533533398251,16.0
HCP91A,1533537001548,16.0
HCP91A,1533540603956,16.0
HCP91A,1533544198123,16.0
HCP91A,1533547799074,17.0
HCP91A,1533551404576,17.0
HCP91A,1533554997113,17.0
HCP91A,1533558602734,16.0
HCP91A,1533562198788,16.0
HCP91A,1533565796385,16.0
HCP91A,1533569404348,16.0
HCP91A,1533572997013,16.0
HCP91A,1533576599271,17.0
HCP91A,1533580196483,17.0
HCP91A,1533583801090,16.0
HCP91A,1533587397213,16.0
HCP91A,1533591005943,17.0
HCP91A,1533594601856,16.0
HCP91A,1533598203880,17.0
HCP91A,1533601800296,17.0
HCP91A,1533605397420,16.0
HCP91A,1533609003217,17.0
HCP91A,1533612600520,17.0
HCP91A,1533616197592,16.0
HCP91A,1533619801062,17.0
HCP91A,1533623399473,16.0
HCP91A,1533626999699,16.0
HCP91A,1533630601779,17.0
HCP91A,1533634204612,17.0
HCP91A,1533637801567,17.0
HCP91A,1533641401846,17.0
HCP91A,1533645005615,16.0
HCP91A,1533648599318,16.0
HCP91A,1533652201819,16.0
HCP91A,1533655800870,16.0
HCP91A,1533659398149,17.0
HCP91A,1533662998112,17.0
HCP91A,1533666597653,16.0
HCP91A,1533670197575,16.0
HCP91A,1533673803184,16.0
HCP91A,1533677399383,16.0
HCP91A,1533681005458,16.0
HCP91A,1533684601070,17.0
HCP91A,1533688202572,16.0
HCP91A,1533691801123,17.0
HCP91A,1533695403720,17.0
HCP91A,1533699001236,17.0
HCP91A,1533702600857,16.0
HCP91A,1533706195997,17.0
HCP91A,1533709797263,16.0
HCP91A,1533713400852,16.0
HCP91A,1533717001623,17.0
HCP91A,1533720605984,17.0
HCP91A,1533724198352,16.0
HCP91A,1533727802169,16.0
HCP91A,1533731400265,17.0
HCP91A,1533734997018,16.0
HCP91A,1533738601735,17.0
HCP91A,1533742200866,17.0
HCP91A,1533745798356,17.0
HCP91A,1533749396250,17.0
HCP91A,1533753004083,16.0
HCP91A,1533756601535,16.0
HCP91A,1533760200863,17.0
HCP91A,1533763805873,17.0
HCP91A,1533767398242,16.0
HCP91A,1533770999667,17.0
HCP91A,1533774601730,17.0
HCP91A,1533778200098,16.0
HCP91A,1533781800423,17.0
HCP91A,1533785402706,17.0
HCP91A,1533789000888,16.0
HCP91A,1533792596355,16.0
HCP91A,1533796205813,16.0
HCP91A,1533799797667,17.0
HCP91A,1533803405951,17.0
HCP91A,1533807002203,16.0
HCP91A,1533810602706,16.0
HCP91A,1533814201436,16.0
HCP91A,1533817805332,16.0
HCP91A,1533821402500,17.0
HCP91A,1533824997047,17.0
HCP91A,1533828599994,16.0
HCP91A,1533832200825,17.0
HCP91A,1533835805896,17.0
HCP91A,1533839401869,16.0
HCP91A,1533842998343,16.0
HCP91A,1533846596641,16.0
HCP91A,1533850199734,17.0
HCP91A,1533853802623,17.0
HCP91A,1533857404228,16.0
HCP91A,1533860998640,16.0
HCP91A,1533864596204,17.0
HCP91A,1533868205755,16.0
HCP91A,1533871804719,16.0
HCP91A,1533875398061,17.0
HCP91A,1533878998891,16.0
HCP91A,1533882598578,17.0
HCP91A,1533886205003,17.0
HCP91A,1533889804002,17.0
HCP91A,1533893401880,16.0
HCP91A,1533896996070,17.0
HCP91A,1533900601020,17.0
HCP91A,1533904202456,16.0
HCP91A,1533907801255,16.0
HCP91A,1533911398057,16.0
HCP91A,1533915000441,16.0
HCP91A,1533918601276,17.0
HCP91A,1533922203567,17.0
HCP91A,1533925796082,16.0
HCP91A,1533929403050,17.0
HCP91A,1533933004110,17.0
HCP91A,1533936603435,16.0
HCP91A,1533940204200,17.0
HCP91A,1533943805194,17.0
HCP91A,1533947402479,16.0
HCP91A,1533950997076,16.0
HCP91A,1533954605030,17.0
HCP91A,1533958204292,16.0
HCP91A,1533961800640,17.0
HCP91A,1533965403018,16.0
HCP91A,1533968998535,17.0
HCP91A,1533972598615,16.0
HCP91A,1533976202887,17.0
HCP91A,1533979803322,16.0
HCP91A,1533983405353,16.0
HCP91A,1533986996372,16.0
HCP91A,1533990605275,17.0
HCP91A,1533994201974,17.0
HCP91A,1533997796188,17.0
HCP91A,1534001402924,16.0
HCP91A,1534004999061,17.0
HCP91A,1534008599506,16.0
HCP91A,1534012197666,16.0
HCP91A,1534015797268,16.0
HCP91A,1534019401422,16.0
HCP91A,1534023004099,16.0
HCP91A,1534026601262,17.0
HCP91A,1534030199938,17.0
HCP91A,1534033803077,16.0
HCP91A,1534037396672,16.0
HCP91A,1534040996854,17.0
HCP91A,1534044601055,16.0
HCP91A,1534048203928,16.0
HCP91A,1534051800018,16.0
HCP91A,1534055396482,17.0
HCP91A,1534059002804,16.0
HCP91A,1534062598295,16.0
HCP91A,1534066202741,17.0
HCP91A,1534069803453,17.0
HCP91A,1534073402383,17.0
HCP91A,1534076999254,17.0
HCP91A,1534080600438,17.0
HCP91A,1534084197809,17.0
HCP91A,1534087796093,17.0
HCP91A,1534091401466,17.0
HCP91A,1534094996228,16.0
HCP91A,1534098597132,16.0
HCP91A,1534102202127,16.0
HCP91A,1534105805288,17.0
HCP91A,1534109400289,17.0
HCP91A,1534113004271,16.0
HCP91A,1534116602503,16.0
HCP91A,1534120203163,16.0
HCP91A,1534123799680,16.0
HCP91A,1534127399355,16.0
HCP91A,1534131001114,17.0
HCP91A,1534134604684,16.0
HCP91A,1534138203687,17.0
HCP91A,1534141796628,17.0
HCP91A,1534145405709,17.0
HCP91A,1534149000793,17.0
HCP91A,1534152599852,16.0
HCP91A,1534156196431,17.0
HCP91A,1534159802201,17.0
HCP91A,1534163398064,16.0
HCP91A,1534167002985,17.0
HCP91A,1534170604230,17.0
HCP91A,1534174199545,17.0
HCP91A,1534177803891,17.0
HCP91A,1534181401849,16.0
HCP91A,1534185004688,16.0
HCP91A,1534188600824,16.0
HCP91A,1534192205508,17.0
HCP91A,1534195804746,17.0
HCP91A,1534199405243,16.0
HCP91A,1534203003125,17.0
HCP91A,1534206604007,16.0
HCP91A,1534210196203,16.0
HCP91A,1534213802564,16.0
HCP91A,1534217401889,17.0
HCP91A,1534221001636,17.0
HCP91A,1534224600557,16.0
HCP91A,1534228197243,16.0
HCP91A,1534231797437,16.0
HCP91A,1534235398708,17.0
HCP91A,1534239000371,16.0
HCP91A,1534242603985,16.0
HCP91A,1534246203070,16.0
HCP91A,1534249801857,17.0
HCP91A,1534253403427,16.0
HCP91A,1534257004891,17.0
HCP91A,1534260597530,16.0
HCP91A,1534264200552,17.0
HCP91A,1534267796660,16.0
HCP91A,1534271399918,17.0
HCP91A,1534275001386,17.0
HCP91A,1534278605256,17.0
HCP91A,1534282205200,16.0
HCP91A,1534285798130,16.0
HCP91A,1534289398743,17.0
HCP91A,1534293005650,17.0
HCP91A,1534296601522,17.0
HCP91A,1534300196721,17.0
HCP91A,1534303804111,17.0
HCP91A,1534307404088,16.0
HCP91A,1534310996454,17.0
HCP91A,1534314604967,17.0
HCP91A,1534318201711,17.0
HCP91A,1534321803808,17.0
HCP91A,1534325399085,17.0
HCP91A,1534328999201,16.0
HCP91A,1534332599896,16.0
HCP91A,1534336198384,17.0
HCP91A,1534339797224,16.0
HCP91A,1534343402208,16.0
HCP91A,1534347004908,17.0
HCP91A,1534350596560,16.0
HCP91A,1534354204089,17.0
HCP91A,1534357802469,16.0
HCP91A,1534361396752,16.0
HCP91A,1534365003661,16.0
HCP91A,1534368604423,16.0
HCP91A,1534372197219,17.0
HCP91A,1534375805641,17.0
HCP91A,1534379404210,16.0
HCP91A,1534383004169,17.0
HCP91A,1534386598674,17.0
HCP91A,1534390200816,16.0
HCP91A,1534393802095,17.0
HCP91A,1534397396120,16.0
HCP91A,1534401002504,17.0
HCP91A,1534404603712,16.0
HCP91A,1534408197428,17.0
HCP91A,1534411802126,17.0
HCP91A,1534415400079,17.0
HCP91A,1534418998980,16.0
HCP91A,1534422604244,17.0
HCP91A,1534426198731,17.0
HCP91A,1534429802324,17.0
HCP91A,1534433399676,16.0
HCP91A,1534436998804,16.0
HCP91A,1534440598220,17.0
HCP91A,1534444201523,17.0
HCP91A,1534447803814,16.0
HCP91A,1534451398922,17.0
HCP91A,1534454997923,17.0
HCP91A,1534458596750,16.0
HCP91A,1534462203606,17.0
HCP91A,1534465801856,16.0
HCP91A,1534469401268,17.0
HCP91A,1534473002293,16.0
HCP91A,1534476603936,16.0
HCP91A,1534480205680,17.0
HCP91A,1534483799476,17.0
HCP91A,1534487399037,16.0
HCP91A,1534491000010,16.0
HCP91A,1534494603896,16.0
HCP91A,1534498199482,17.0
HCP91A,1534501799323,17.0
HCP91A,1534505397261,16.0
HCP91A,1534509002821,17.0
HCP91A,1534512600815,16.0
HCP91A,1534516203142,17.0
HCP91A,1534519796627,17.0
HCP91A,1534523400057,17.0
HCP91A,1534527005167,17.0
HCP91A,1534530597210,17.0
HCP91A,1534534196680,17.0
HCP91A,1534537801831,17.0
HCP91A,1534541399559,16.0
HCP91A,1534544999378,16.0
HCP91A,1534548602682,16.0
HCP91A,1534552204146,17.0
HCP91A,1534555803591,17.0
HCP91A,1534559405275,16.0
HCP91A,1534563002026,16.0
HCP91A,1534566597572,17.0
HCP91A,1534570202415,16.0
HCP91A,1534573805877,16.0
HCP91A,1534577404410,16.0
HCP91A,1534580999907,17.0
HCP91A,1534584601715,16.0
HCP91A,1534588198707,16.0
HCP91A,1534591805935,17.0
HCP91A,1534595403163,17.0
HCP91A,1534598997993,17.0
HCP91A,1534602599095,16.0
HCP91A,1534606202526,17.0
HCP91A,1534609805576,17.0
HCP91A,1534613396215,16.0
HCP91A,1534616996248,16.0
HCP91A,1534620598448,17.0
HCP91A,1534624203546,16.0
HCP91A,1534627801671,17.0
HCP91A,1534631405934,17.0
HCP91A,1534634999264,16.0
HCP91A,1534638597297,17.0
HCP91A,1534642205732,16.0
HCP91A,1534645798307,16.0
HCP91A,1534649404393,17.0
HCP91A,1534653004032,17.0
HCP91A,1534656599404,17.0
HCP91A,1534660203217,17.0
HCP91A,1534663805402,17.0
HCP91A,1534667405948,17.0
HCP91A,1534671002942,16.0
HCP91A,1534674600951,17.0
HCP91A,1534678205492,17.0
HCP91A,1534681799260,17.0
HCP91A,1534685397035,16.0
HCP91A,1534689002454,16.0
HCP91A,1534692598344,16.0
HCP91A,1534696199368,17.0
HCP91A,1534699801574,16.0
HCP91A,1534703402350,16.0
HCP91A,1534707005883,17.0
HCP91A,1534710600252,16.0
HCP91A,1534714205461,16.0
HCP91A,1534717800531,16.0
HCP91A,1534721399843,17.0
HCP91A,1534724999076,17.0
HCP91A,1534728602832,17.0
HCP91A,1534732205132,16.0
HCP91A,1534735796729,17.0
HCP91A,1534739401166,16.0
HCP91A,1534742998286,17.0
HCP91A,1534746598415,16.0
HCP91A,1534750203703,17.0
HCP91A,1534753805277,16.0
HCP91A,1534757405725,17.0
HCP91A,1534760997912,17.0
HCP91A,1534764604745,16.0
HCP91A,1534768201345,17.0
HCP91A,1534771798841,16.0
HCP91A,1534775402337,16.0
HCP91A,1534778998189,16.0
HCP91A,1534782604738,16.0
HCP91A,1534786203681,17.0
HCP91A,1534789802793,16.0
HCP91A,1534793398628,16.0
HCP91A,1534796999300,16.0
HCP91A,1534800604646,17.0
HCP91A,1534804197855,16.0
HCP91A,1534807803680,17.0
HCP91A,1534811403489,16.0
HCP91A,1534814997549,16.0
HCP91A,1534818604021,17.0
HCP91A,1534822205590,17.0
HCP91A,1534825796613,16.0
HCP91A,1534829398298,17.0
HCP91A,1534833000000,16.0
HCP91A,1534836596459,17.0
HCP91A,1534840201578,17.0
HCP91A,1534843804597,16.0
HCP91A,1534847399156,17.0
HCP91A,1534851000008,16.0
HCP91A,1534854601170,17.0
HCP91A,1534858199238,17.0
HCP91A,1534861802921,16.0
HCP91A,1534865405704,17.0
HCP91A,1534868998379,17.0
HCP91A,1534872605434,16.0
HCP91A,1534876204330,16.0
HCP91A,1534879799046,17.0
HCP91A,1534883396009,16.0
HCP91A,1534886999806,17.0
HCP91A,1534890604067,17.0
HCP91A,1534894200882,16.0
HCP91A,1534897800082,17.0
HCP91A,1534901397584,17.0
HCP91A,1534905005856,17.0
HCP91A,1534908603930,16.0
HCP91A,1534912199483,17.0
HCP91A,1534915796322,17.0
HCP91A,1534919400578,16.0
HCP91A,1534923005714,17.0
HCP91A,1534926596989,17.0
HCP91A,1534930199336,16.0
HCP91A,1534933801435,16.0
HCP91A,1534937395999,16.0
HCP91A,1534940997540,16.0
HCP91A,1534944599735,17.0
HCP91A,1534948205022,16.0
HCP91A,1534951798565,17.0
HCP91A,1534955397708,17.0
HCP91A,1534958999142,16.0
HCP91A,1534962596129,17.0
HCP91A,1534966202638,16.0
HCP91A,1534969798372,16.0
HCP91A,1534973396510,17.0
HCP91A,1534976996317,17.0
HCP91A,1534980605475,16.0
HCP91A,1534984196045,17.0
HCP91A,1534987800475,17.0
HCP91A,1534991403594,17.0
HCP91A,1534995000514,17.0
HCP91A,1534998604873,16.0
HCP91A,1535002202347,16.0
HCP91A,1535005799125,17.0
HCP91A,1535009400361,17.0
HCP91A,1535012997757,16.0
HCP91A,1535016601819,16.0
HCP91A,1535020205884,16.0
HCP91A,1535023805623,17.0
HCP91A,1535027405089,17.0
HCP91A,1535031002174,16.0
HCP91A,1535034596830,16.0
HCP91A,1535038203807,17.0
HCP91A,1535041802781,17.0
HCP91A,1535045404728,17.0
HCP91A,1535049003101,16.0
HCP91A,1535052599509,17.0
HCP91A,1535056202411,17.0
HCP91A,1535059796492,16.0
HCP91A,1535063403181,16.0
HCP91A,1535067001521,17.0
HCP91A,1535070604857,17.0
HCP91A,1535074197539,16.0
HCP91A,1535077802868,17.0
HCP91A,1535081400057,16.0
HCP91A,1535085002086,16.0
HCP91A,1535088600838,16.0
HCP91A,1535092198617,17.0
HCP91A,1535095796521,16.0
HCP91A,1535099403185,16.0
HCP91A,1535103005057,16.0
HCP91A,1535106599751,17.0
HCP91A,1535110196508,17.0
HCP91A,1535113802351,17.0
HCP91A,1535117400400,17.0
HCP91A,1535120996281,17.0
HCP91A,1535124601714,17.0
HCP91A,1535128203364,16.0
HCP91A,1535131805475,16.0
HCP91A,1535135405501,17.0
HCP91A,1535139000569,17.0
HCP91A,1535142599158,16.0
HCP91A,1535146200395,17.0
HCP91A,1535149800146,16.0
HCP91A,1535153398517,16.0
HCP91A,1535157001487,16.0
HCP91A,1535160600219,17.0
HCP91A,1535164198668,17.0
HCP91A,1535167797674,17.0
HCP91A,1535171402969,17.0
HCP91A,1535175005545,16.0
HCP91A,1535178597645,17.0
HCP91A,1535182204719,17.0
HCP91A,1535185803201,16.0
HCP91A,1535189398045,17.0
HCP91A,1535193005083,16.0
HCP91A,1535196596923,17.0
HCP91A,1535200202198,16.0
HCP91A,1535203798911,17.0
HCP91A,1535207399950,16.0
HCP91A,1535211003640,16.0
HCP91A,1535214604217,16.0
HCP91A,1535218202634,16.0
HCP91A,1535221796065,17.0
HCP91A,1535225404516,16.0
HCP91A,1535229005117,16.0
HCP91A,1535232598605,16.0
HCP91A,1535236203325,16.0
HCP91A,1535239799373,16.0
HCP91A,1535243400501,16.0
HCP91A,1535247005110,16.0
HCP91A,1535250596851,17.0
HCP91A,1535254200098,16.0
HCP91A,1535257797674,17.0
HCP91A,1535261403431,17.0
HCP91A,1535265001921,17.0
HCP91A,1535268602230,16.0
HCP91A,1535272199172,16.0
HCP91A,1535275801587,17.0
HCP91A,1535279405576,17.0
HCP91A,1535282996286,17.0
HCP91A,1535286597246,17.0
HCP91A,1535290202623,16.0
HCP91A,1535293796302,17.0
HCP91A,1535297401823,17.0
HCP91A,1535301004740,17.0
HCP91A,1535304598994,16.0
HCP91A,1535308205352,16.0
HCP91A,1535311802626,16.0
HCP91A,1535315400758,16.0
HCP91A,1535318997831,17.0
HCP91A,1535322605597,17.0
HCP91A,1535326203602,17.0
HCP91A,1535329796244,17.0
HCP91A,1535333398296,17.0
HCP91A,1535336998072,16.0
HCP91A,1535340603515,17.0
HCP91A,1535344204177,16.0
HCP91A,1535347800722,16.0
HCP91A,1535351396259,16.0
HCP91A,1535355003754,17.0
HCP91A,1535358597970,16.0
HCP91A,1535362196758,17.0
HCP91A,1535365797726,17.0
HCP91A,1535369404625,17.0
HCP91A,1535372996606,17.0
HCP91A,1535376603443,16.0
HCP91A,1535380205544,16.0
HCP91A,1535383804465,16.0
HCP91A,1535387403149,16.0
HCP91A,1535390996318,16.0
HCP91A,1535394602978,16.0
HCP91A,1535398204895,16.0
HCP91A,1535401800618,16.0
HCP91A,1535405400796,16.0
HCP91A,1535409000993,16.0
HCP91A,1535412603681,17.0
HCP91A,1535416203251,17.0
HCP91A,1535419803428,16.0
HCP91A,1535423405770,17.0
HCP91A,1535427003136,17.0
HCP91A,1535430602581,16.0
HCP91A,1535434203200,16.0
HCP91A,1535437800181,16.0
HCP91A,1535441404966,17.0
HCP91A,1535445003970,16.0
HCP91A,1535448598410,17.0
HCP91A,1535452196604,16.0
HCP91A,1535455799887,16.0
HCP91A,1535459396797,17.0
HCP91A,1535463005568,17.0
HCP91A,1535466604794,16.0
HCP91A,1535470196921,17.0
HCP91A,1535473802474,17.0
HCP91A,1535477396002,16.0
HCP91A,1535480996030,17.0
HCP91A,1535484599061,17.0
HCP91A,1535488198912,16.0
HCP91A,1535491798544,17.0
HCP91A,1535495403352,16.0
HCP91A,1535499001622,17.0
HCP91A,1535502602472,17.0
HCP91A,1535506205070,17.0
HCP91A,1535509804809,17.0
HCP91A,1535513405486,16.0
HCP91A,1535517001421,16.0
HCP91A,1535520598098,16.0
HCP91A,1535524197524,17.0
HCP91A,1535527805926,17.0
HCP91A,1535531399740,16.0
HCP91A,1535535004754,17.0
HCP91A,1535538604097,17.0
HCP91A,1535542199156,16.0
HCP91A,1535545802307,17.0
HCP91A,1535549404456,16.0
HCP91A,1535552998182,16.0
HCP91A,1535556600580,17.0
HCP91A,1535560202003,16.0
HCP91A,1535563804016,17.0
HCP91A,1535567401725,16.0
HCP91A,1535571001553,16.0
HCP91A,1535574597696,17.0
HCP91A,1535578198198,16.0
HCP91A,1535581797010,17.0
HCP91A,1535585398347,16.0
HCP91A,1535589005885,17.0
HCP91A,1535592601802,16.0
HCP91A,1535596205972,17.0
HCP91A,1535599799264,17.0
HCP91A,1535603401522,16.0
HCP91A,1535606999949,17.0
HCP91A,1535610605297,17.0
HCP91A,1535614196821,17.0
HCP91A,1535617801927,17.0
HCP91A,1535621403218,17.0
HCP91A,1535624999180,16.0
HCP91A,1535628604764,17.0
HCP91A,1535632200312,16.0
HCP91A,1535635796048,17.0
HCP91A,1535639405785,17.0
HCP91A,1535642997356,16.0
HCP91A,1535646605985,17.0
HCP91A,1535650196844,16.0
HCP91A,1535653800941,17.0
HCP91A,1535657398030,17.0
HCP91A,1535660996832,17.0
HCP91A,1535664605729,16.0
HCP91A,1535668202655,16.0
HCP91A,1535671799228,17.0
HCP91A,1535675404296,17.0
HCP91A,1535678996762,16.0
HCP91A,1535682598523,16.0
HCP91A,1535686199362,16.0
HCP91A,1535689802794,16.0
HCP91A,1535693399427,17.0
HCP91A,1535697003036,17.0
HCP91A,1535700601454,17.0
HCP91A,1535704204235,16.0
HCP91A,1535707802046,17.0
HCP91A,1535711398815,17.0
HCP91A,1535714999266,16.0
HCP91A,1535718601459,17.0
HCP91A,1535722198281,17.0
HCP91A,1535725804068,16.0
HCP91A,1535729405118,16.0
HCP91A,1535733003401,16.0
HCP91A,1535736604138,16.0
HCP91A,1535740197741,16.0
HCP91A,1535743798296,16.0
HCP91A,1535747405817,17.0
HCP91A,1535750996389,17.0
HCP91A,1535754603471,16.0
HCP91A,1535758203829,16.0
HCP91A,1535761802752,16.0
HCP91A,1535765405042,16.0
HCP91A,1535769001374,16.0
HCP91A,1535772600078,16.0
HCP91A,1535776203245,17.0
HCP91A,1535779805706,16.0
HCP91A,1535783405811,17.0
HCP91A,1535787005358,16.0
HCP91A,1535790598271,16.0
HCP91A,1535794198712,17.0
HCP91A,1535797800983,16.0
HCP91A,1535801405745,17.0
HCP91A,1535804997643,16.0
HCP91A,1535808602489,17.0
HCP91A,1535812201526,17.0
HCP91A,1535815797556,17.0
HCP91A,1535819401396,16.0
HCP91A,1535823004606,16.0
HCP91A,1535826604542,16.0
HCP91A,1535830205897,17.0
HCP91A,1535833801939,16.0
HCP91A,1535837399846,17.0
HCP91A,1535841001936,16.0
HCP91A,1535844604225,16.0
HCP91A,1535848196286,16.0
HCP91A,1535851800694,16.0
HCP91A,1535855397835,17.0
HCP91A,1535859000033,16.0
HCP91A,1535862602818,17.0
HCP91A,1535866196035,17.0
HCP91A,1535869798838,16.0
HCP91A,1535873400352,16.0
HCP91A,1535877005163,17.0
HCP91A,1535880600916,16.0
HCP91A,1535884202996,16.0
HCP91A,1535887800437,16.0
HCP91A,1535891400376,16.0
HCP91A,1535895000307,17.0
HCP91A,1535898596719,16.0
HCP91A,1535902197147,17.0
HCP91A,1535905802442,16.0
HCP91A,1535909399162,17.0
HCP91A,1535913000543,17.0
HCP91A,1535916603341,16.0
HCP91A,1535920203939,17.0
HCP91A,1535923804375,16.0
HCP91A,1535927405169,16.0
HCP91A,1535931002460,17.0
HCP91A,1535934602601,16.0
HCP91A,1535938202954,17.0
HCP91A,1535941799027,16.0
HCP91A,1535945405142,16.0
HCP91A,1535949003026,17.0
HCP91A,1535952596515,17.0
HCP91A,1535956200404,16.0
HCP91A,1535959801550,16.0
HCP91A,1535963396086,17.0
HCP91A,1535967005879,17.0
HCP91A,1535970597335,16.0
HCP91A,1535974200985,16.0
HCP91A,1535977802626,17.0
HCP91A,1535981396441,16.0
HCP91A,1535985000846,17.0
HCP91A,1535988605853,17.0
HCP91A,1535992204497,16.0
HCP91A,1535995801443,17.0
HCP91A,1535999403968,17.0
HCP91A,1536003002753,17.0
HCP91A,1536006603971,16.0
HCP91A,1536010198028,16.0
HCP91A,1536013801956,17.0
HCP91A,1536017398049,17.0
HCP91A,1536020998712,16.0
HCP91A,1536024599921,17.0
HCP91A,1536028202741,17.0
HCP91A,1536031800072,16.0
HCP91A,1536035402482,17.0
HCP91A,1536038997966,16.0
HCP91A,1536042601694,17.0
HCP91A,1536046199398,16.0
HCP91A,1536049799944,16.0
HCP91A,1536053403507,16.0
HCP91A,1536057005629,17.0
HCP91A,1536060596698,16.0
HCP91A,1536064204960,16.0
HCP91A,1536067803825,16.0
HCP91A,1536071397122,17.0
HCP91A,1536075000390,17.0
HCP91A,1536078602994,16.0
HCP91A,1536082197883,17.0
HCP91A,1536085797679,16.0
HCP91A,1536089405151,17.0
HCP91A,1536092995993,17.0
HCP91A,1536096601320,16.0
HCP91A,1536100200087,16.0
HCP91A,1536103802508,16.0
HCP91A,1536107403618,17.0
HCP91A,1536111000045,16.0
HCP91A,1536114604656,16.0
HCP91A,1536118198260,16.0
HCP91A,1536121801004,16.0
HCP91A,1536125396197,17.0
HCP91A,1536128998787,16.0
HCP91A,1536132597506,16.0
HCP91A,1536136202760,17.0
HCP91A,1536139800299,17.0
HCP91A,1536143398408,17.0
HCP91A,1536147005938,16.0
HCP91A,1536150597865,17.0
HCP91A,1536154200604,16.0
HCP91A,1536157797548,17.0
HCP91A,1536161405698,17.0
HCP91A,1536164997731,17.0
HCP91A,1536168600359,16.0
HCP91A,1536172197836,17.0
HCP91A,1536175804035,17.0
HCP91A,1536179398877,17.0
HCP91A,1536183003630,17.0
HCP91A,1536186605465,16.0
HCP91A,1536190196088,16.0
HCP91A,1536193796912,17.0
HCP91A,1536197399860,16.0
HCP91A,1536200997828,16.0
HCP91A,1536204597315,16.0
HCP91A,1536208203255,17.0
HCP91A,1536211805134,17.0
HCP91A,1536215403457,16.0
HCP91A,1536219000573,16.0
HCP91A,1536222596014,17.0
HCP91A,1536226205844,17.0
HCP91A,1536229798438,16.0
HCP91A,1536233397644,17.0
HCP91A,1536237000325,17.0
HCP91A,1536240596383,17.0
HCP91A,1536244198442,16.0
HCP91A,1536247803500,17.0
HCP91A,1536251398988,16.0
HCP91A,1536254996922,16.0
HCP91A,1536258596728,16.0
HCP91A,1536262201673,16.0
HCP91A,1536265800551,17.0
HCP91A,1536269405346,17.0
HCP91A,1536272998027,16.0
HCP91A,1536276604832,17.0
HCP91A,1536280201561,16.0
HCP91A,1536283796344,16.0
HCP91A,1536287399985,17.0
HCP91A,1536290996195,17.0
HCP91A,1536294601017,17.0
HCP91A,1536298202139,17.0
HCP91A,1536301804217,17.0
HCP91A,1536305404867,16.0
HCP91A,1536309005970,17.0
HCP91A,1536312605873,16.0
HCP91A,1536316198183,16.0
HCP91A,1536319804326,16.0
HCP91A,1536323397276,17.0
HCP91A,1536327004397,16.0
HCP91A,1536330600557,17.0
HCP91A,1536334202240,16.0
HCP91A,1536337799398,17.0
HCP91A,1536341402871,16.0
HCP91A,1536344997873,17.0
HCP91A,1536348601947,17.0
HCP91A,1536352203261,16.0
HCP91A,1536355797880,16.0
HCP91A,1536359400315,17.0
HCP91A,1536363003201,16.0
HCP91A,1536366598259,16.0
HCP91A,1536370197836,16.0
HCP91A,1536373798261,17.0
HCP91A,1536377396558,17.0
HCP91A,1536380998795,16.0
HCP91A,1536384604065,16.0
HCP91A,1536388199131,16.0
HCP91A,1536391799377,17.0
HCP91A,1536395404681,16.0
HCP91A,1536399002165,17.0
HCP91A,1536402600778,17.0
HCP91A,1536406202377,16.0
HCP91A,1536409805269,17.0
HCP91A,1536413396281,17.0
HCP91A,1536417001683,16.0
HCP91A,1536420600057,17.0
HCP91A,1536424197958,17.0
HCP91A,1536427801537,17.0
HCP91A,1536431399062,16.0
HCP91A,1536434999302,17.0
HCP91A,1536438602712,17.0
HCP91A,1536442198931,17.0
HCP91A,1536445796537,17.0
HCP91A,1536449400998,17.0
HCP91A,1536452997512,16.0
HCP91A,1536456600197,17.0
HCP91A,1536460199089,17.0
HCP91A,1536463796256,16.0
HCP91A,1536467404324,17.0
HCP91A,1536470997650,16.0
HCP91A,1536474605173,17.0
HCP91A,1536478201936,16.0
HCP91A,1536481804670,16.0
HCP91A,1536485403203,17.0
HCP91A,1536488998879,16.0
HCP91A,1536492597010,17.0
HCP91A,1536496202551,17.0
HCP91A,1536499796871,16.0
HCP91A,1536503404924,17.0
HCP91A,1536507002179,16.0
HCP91A,1536510599717,17.0
HCP91A,1536514202109,17.0
HCP91A,1536517798537,16.0
HCP91A,1536521399205,16.0
HCP91A,1536525005551,16.0
HCP91A,1536528598967,17.0
HCP91A,1536532199893,17.0
HCP91A,1536535802745,17.0
HCP91A,1536539396078,16.0
HCP91A,1536542998278,16.0
HCP91A,1536546598339,17.0
HCP91A,1536550200277,17.0
HCP91A,1536553799836,17.0
HCP91A,1536557400402,16.0
HCP91A,1536560996679,17.0
HCP91A,1536564600013,16.0
HCP91A,1536568197318,16.0
HCP91A,1536571802976,17.0
HCP91A,1536575402614,17.0
HCP91A,1536578998779,17.0
HCP91A,1536582596346,17.0
HCP91A,1536586197516,17.0
HCP91A,1536589804824,16.0
HCP91A,1536593401065,16.0
HCP91A,1536597002283,16.0
HCP91A,1536600605822,16.0
HCP91A,1536604198263,17.0
HCP91A,1536607804323,16.0
HCP91A,1536611405450,17.0
HCP91A,1536615001638,16.0
HCP91A,1536618599454,17.0
HCP91A,1536622201144,16.0
HCP91A,1536625796845,16.0
HCP91A,1536629397715,16.0
HCP91A,1536633004780,17.0
HCP91A,1536636598087,17.0
HCP91A,1536640205593,17.0
HCP91A,1536643805396,16.0
HCP91A,1536647400545,17.0
HCP91A,1536651005235,17.0
HCP91A,1536654605849,16.0
HCP91A,1536658202015,17.0
HCP91A,1536661803501,17.0
HCP91A,1536665398801,17.0
HCP91A,1536669003862,17.0
HCP91A,1536672602697,16.0
HCP91A,1536676201062,16.0
HCP91A,1536679797911,16.0
HCP91A,1536683400862,16.0
HCP91A,1536686998984,17.0
HCP91A,1536690604048,16.0
HCP91A,1536694202716,17.0
HCP91A,1536697799360,17.0
HCP91A,1536701396741,16.0
HCP91A,1536705004452,16.0
HCP91A,1536708598780,16.0
HCP91A,1536712199260,17.0
HCP91A,1536715804462,16.0
HCP91A,1536719399307,17.0
HCP91A,1536722998867,17.0
HCP91A,1536726597700,16.0
HCP91A,1536730197005,16.0
HCP91A,1536733804049,16.0
HCP91A,1536737405870,17.0
HCP91A,1536741002879,17.0
HCP91A,1536744597060,16.0
HCP91A,1536748203061,16.0
HCP91A,1536751803359,17.0
HCP91A,1536755402322,16.0
HCP91A,1536758997570,17.0
HCP91A,1536762605621,16.0
HCP91A,1536766198120,17.0
HCP91A,1536769796327,17.0
HCP91A,1536773400189,16.0
HCP91A,1536777000164,17.0
HCP91A,1536780598652,16.0
HCP91A,1536784198712,17.0
HCP91A,1536787799576,16.0
HCP91A,1536791400966,16.0
HCP91A,1536795005331,16.0
HCP91A,1536798602402,17.0
HCP91A,1536802205947,16.0
HCP91A,1536805796719,17.0
HCP91A,1536809404452,17.0
HCP91A,1536813003908,16.0
HCP91A,1536816602943,17.0
HCP91A,1536820199513,16.0
HCP91A,1536823803450,16.0
HCP91A,1536827399119,17.0
HCP91A,1536830998097,16.0
HCP91A,1536834596557,17.0
HCP91A,1536838196817,16.0
HCP91A,1536841801782,17.0
HCP91A,1536845403724,17.0
HCP91A,1536848999302,17.0
HCP91A,1536852600615,17.0
HCP91A,1536856204796,16.0
HCP91A,1536859805793,16.0
HCP91A,1536863397075,17.0
HCP91A,1536867005934,17.0
HCP91A,1536870598282,16.0
HCP91A,1536874198640,17.0
HCP91A,1536877800563,17.0
HCP91A,1536881400022,17.0
HCP91A,1536885004248,16.0
HCP91A,1536888604158,17.0
HCP91A,1536892200552,17.0
HCP91A,1536895797205,17.0
HCP91A,1536899398161,17.0
HCP91A,1536902997695,16.0
HCP91A,1536906598071,16.0
HCP91A,1536910200641,17.0
HCP91A,1536913803041,16.0
HCP91A,1536917403562,16.0
HCP91A,1536921004180,17.0
HCP91A,1536924602657,16.0
HCP91A,1536928205400,16.0
HCP91A,1536931804602,16.0
HCP91A,1536935397191,17.0
HCP91A,1536939005297,17.0
HCP91A,1536942598454,17.0
HCP91A,1536946197416,16.0
HCP91A,1536949805675,17.0
HCP91A,1536953399821,16.0
HCP91A,1536956999870,16.0
HCP91A,1536960599491,17.0
HCP91A,1536964205948,16.0
HCP91A,1536967804514,16.0
HCP91A,1536971398885,16.0
HCP91A,1536975005418,17.0
HCP91A,1536978599558,17.0
HCP91A,1536982199746,17.0
HCP91A,1536985804145,17.0
HCP91A,1536989402895,17.0
HCP91A,1536992998474,17.0
HCP91A,1536996604735,17.0
HCP91A,1537000201660,16.0
HCP91A,1537003797923,17.0
HCP91A,1537007400186,17.0
HCP91A,1537011005020,17.0
HCP91A,1537014596017,16.0
HCP91A,1537018197966,16.0
HCP91A,1537021799977,16.0
HCP91A,1537025396561,16.0
HCP91A,1537029002379,16.0
HCP91A,1537032598182,17.0
HCP91A,1537036198333,17.0
HCP91A,1537039801957,16.0
HCP91A,1537043402891,17.0
HCP91A,1537046997444,17.0
HCP91A,1537050603231,16.0
HCP91A,1537054196163,17.0
HCP91A,1537057796496,17.0
HCP91A,1537061402644,17.0
HCP91A,1537064997351,17.0
HCP91A,1537068597207,17.0
HCP91A,1537072199469,17.0
HCP91A,1537075805763,16.0
HCP91A,1537079402322,16.0
HCP91A,1537083000959,16.0
HCP91A,1537086602440,17.0
HCP91A,1537090198032,16.0
HCP91A,1537093801278,16.0
HCP91A,1537097402637,16.0
HCP91A,1537101003896,16.0
HCP91A,1537104600173,16.0
HCP91A,1537108197946,16.0
HCP91A,1537111799137,16.0
HCP91A,1537115400004,17.0
HCP91A,1537119000589,17.0
HCP91A,1537122598184,16.0
HCP91A,1537126197153,17.0
HCP91A,1537129797208,17.0
HCP91A,1537133400405,17.0
HCP91A,1537137000284,17.0
HCP91A,1537140596755,16.0
HCP91A,1537144197680,16.0
HCP91A,1537147799229,16.0
HCP91A,1537151403756,17.0
HCP91A,1537155001150,16.0
HCP91A,1537158603372,17.0
HCP91A,1537162203374,17.0
HCP91A,1537165804399,17.0
HCP91A,1537169397470,16.0
HCP91A,1537173000877,16.0
HCP91A,1537176604163,16.0
HCP91A,1537180199408,17.0
HCP91A,1537183802879,16.0
HCP91A,1537187405492,17.0
HCP91A,1537191000762,16.0
HCP91A,1537194600714,16.0
HCP91A,1537198203295,16.0
HCP91A,1537201800151,16.0
HCP91A,1537205401842,17.0
HCP91A,1537209004459,17.0
HCP91A,1537212602734,17.0
HCP91A,1537216196333,17.0
HCP91A,1537219805787,17.0
HCP91A,1537223399907,16.0
HCP91A,1537227004862,16.0
HCP91A,1537230597806,17.0
HCP91A,1537234204203,17.0
HCP91A,1537237800244,17.0
HCP91A,1537241400100,17.0
HCP91A,1537244997078,17.0
HCP91A,1537248598133,17.0
HCP91A,1537252198641,17.0
HCP91A,1537255801575,16.0
HCP91A,1537259402881,16.0
HCP91A,1537263004897,17.0
HCP91A,1537266598464,17.0
HCP91A,1537270200462,16.0
HCP91A,1537273800621,17.0
HCP91A,1537277403145,16.0
HCP91A,1537280996201,16.0
HCP91A,1537284597348,16.0
HCP91A,1537288196317,17.0
HCP91A,1537291803111,16.0
HCP91A,1537295403478,17.0
HCP91A,1537299001237,17.0
HCP91A,1537302599474,16.0
HCP91A,1537306199882,16.0
HCP91A,1537309798403,16.0
HCP91A,1537313397776,17.0
HCP91A,1537317002209,16.0
HCP91A,1537320601375,16.0
HCP91A,1537324199950,17.0
HCP91A,1537327803988,16.0
HCP91A,1537331397618,17.0
HCP91A,1537335005002,16.0
HCP91A,1537338598213,17.0
HCP91A,1537342204389,17.0
HCP91A,1537345805644,16.0
HCP91A,1537349403453,16.0
HCP91A,1537352996300,17.0
HCP91A,1537356601286,17.0
HCP91A,1537360205243,17.0
HCP91A,1537363799580,17.0
HCP91A,1537367400886,16.0
HCP91A,1537370998237,17.0
HCP91A,1537374602156,16.0
HCP91A,1537378204033,17.0
HCP91A,1537381800185,17.0
HCP91A,1537385401588,17.0
HCP91A,1537389003069,17.0
HCP91A,1537392598051,17.0
HCP91A,1537396204332,17.0
HCP91A,1537399804884,17.0
HCP91A,1537403405040,16.0
HCP91A,1537407005583,16.0
HCP91A,1537410597178,16.0
HCP91A,1537414200362,17.0
HCP91A,1537417805239,17.0
HCP91A,1537421396049,16.0
HCP91A,1537425005021,17.0
HCP91A,1537428604739,16.0
HCP91A,1537432198870,16.0
HCP91A,1537435802121,16.0
HCP91A,1537439403413,16.0
HCP91A,1537443001553,17.0
HCP91A,1537446603653,17.0
HCP91A,1537450205593,17.0
HCP91A,1537453801025,17.0
HCP91A,1537457404534,17.0
HCP91A,1537461002013,17.0
HCP91A,1537464604387,16.0
HCP91A,1537468201682,16.0
HCP91A,1537471802293,17.0
HCP91A,1537475397528,16.0
HCP91A,1537479004316,16.0
HCP91A,1537482603629,17.0
HCP91A,1537486202982,16.0
HCP91A,1537489800883,17.0
HCP91A,1537493397181,17.0
HCP91A,1537497003415,16.0
HCP91A,1537500605008,16.0
HCP91A,1537504199069,16.0
HCP91A,1537507797134,17.0
HCP91A,1537511397992,16.0
HCP91A,1537515002718,16.0
HCP91A,1537518603510,17.0
HCP91A,1537522197755,17.0
HCP91A,1537525803418,16.0
HCP91A,1537529397052,17.0
HCP91A,1537533005475,16.0
HCP91A,1537536603713,17.0
HCP91A,1537540198937,17.0
HCP91A,1537543803385,17.0
HCP91A,1537547399446,17.0
HCP91A,1537550999727,17.0
HCP91A,1537554600674,17.0
HCP91A,1537558202788,17.0
HCP91A,1537561804456,17.0
HCP91A,1537565398744,16.0
HCP91A,1537568999573,16.0
HCP91A,1537572598017,17.0
HCP91A,1537576199169,17.0
HCP91A,1537579800525,16.0
HCP91A,1537583402005,17.0
HCP91A,1537587002067,16.0
HCP91A,1537590602587,17.0
HCP91A,1537594204244,16.0
HCP91A,1537597800677,16.0
HCP91A,1537601399425,17.0
HCP91A,1537605002788,16.0
HCP91A,1537608603125,16.0
HCP91A,1537612203866,16.0
HCP91A,1537615803618,16.0
HCP91A,1537619399291,17.0
HCP91A,1537623005289,17.0
HCP91A,1537626597629,16.0
HCP91A,1537630197714,16.0
HCP91A,1537633798320,17.0
HCP91A,1537637403803,16.0
HCP91A,1537640998055,17.0
HCP91A,1537644605485,16.0
HCP91A,1537648204630,17.0
HCP91A,1537651803737,17.0
HCP91A,1537655404677,16.0
HCP91A,1537659004769,16.0
HCP91A,1537662601393,16.0
HCP91A,1537666202946,17.0
HCP91A,1537669797492,16.0
HCP91A,1537673403646,17.0
HCP91A,1537677004714,17.0
HCP91A,1537680604374,16.0
HCP91A,1537684199603,17.0
HCP91A,1537687801478,16.0
HCP91A,1537691402712,17.0
HCP91A,1537694997051,16.0
HCP91A,1537698596149,16.0
HCP91A,1537702204671,16.0
HCP91A,1537705800262,16.0
HCP91A,1537709400436,16.0
HCP91A,1537713004974,16.0
HCP91A,1537716597949,17.0
HCP91A,1537720200849,17.0
HCP91A,1537723800809,16.0
HCP91A,1537727400994,17.0
HCP91A,1537731004571,17.0
HCP91A,1537734605576,16.0
HCP91A,1537738203108,16.0
HCP91A,1537741802779,17.0
HCP91A,1537745397137,17.0
HCP91A,1537749000284,17.0
HCP91A,1537752604607,16.0
HCP91A,1537756201970,16.0
HCP91A,1537759799484,17.0
HCP91A,1537763396368,16.0
HCP91A,1537767003801,16.0
HCP91A,1537770600194,16.0
HCP91A,1537774205707,16.0
HCP91A,1537777799368,17.0
HCP91A,1537781402768,16.0
HCP91A,1537785001322,17.0
HCP91A,1537788604077,16.0
HCP91A,1537792196331,17.0
HCP91A,1537795804678,17.0
HCP91A,1537799401834,17.0
HCP91A,1537802998870,16.0
HCP91A,1537806601954,16.0
HCP91A,1537810199565,16.0
HCP91A,1537813802978,17.0
HCP91A,1537817397017,16.0
HCP91A,1537821004488,16.0
HCP91A,1537824598860,17.0
HCP91A,1537828203208,16.0
HCP91A,1537831799532,17.0
HCP91A,1537835400041,17.0
HCP91A,1537839005818,16.0
HCP91A,1537842604272,17.0
HCP91A,1537846205673,16.0
HCP91A,1537849804341,17.0
HCP91A,1537853397759,17.0
HCP91A,1537857002579,16.0
HCP91A,1537860603849,16.0
HCP91A,1537864203916,16.0
HCP91A,1537867803848,16.0
HCP91A,1537871405946,16.0
HCP91A,1537875003945,16.0
HCP91A,1537878600177,17.0
HCP91A,1537882197825,17.0
HCP91A,1537885803409,16.0
HCP91A,1537889400759,16.0
HCP91A,1537893005193,17.0
HCP91A,1537896596250,16.0
HCP91A,1537900199270,17.0
HCP91A,1537903801779,16.0
HCP91A,1537907400811,16.0
HCP91A,1537911002213,17.0
HCP91A,1537914598058,16.0
HCP91A,1537918203999,17.0
HCP91A,1537921802143,17.0
HCP91A,1537925405636,16.0
HCP91A,1537928997084,17.0
HCP91A,1537932598449,16.0
HCP91A,1537936200769,17.0
HCP91A,1537939797148,17.0
HCP91A,1537943401331,16.0
HCP91A,1537947004253,16.0
HCP91A,1537950599932,17.0
HCP91A,1537954196950,17.0
HCP91A,1537957800242,16.0
HCP91A,1537961401758,17.0
HCP91A,1537965001713,17.0
HCP91A,1537968602890,17.0
HCP91A,1537972205427,16.0
HCP91A,1537975802556,16.0
HCP91A,1537979405103,16.0
HCP91A,1537983005828,16.0
HCP91A,1537986604575,17.0
HCP91A,1537990201636,17.0
HCP91A,1537993798762,16.0
HCP91A,1537997397249,16.0
HCP91A,1538001001297,17.0
HCP91A,1538004603493,17.0
HCP91A,1538008201446,16.0
HCP91A,1538011799361,17.0
HCP91A,1538015400728,17.0
HCP91A,1538018999422,16.0
HCP91A,1538022599978,17.0
HCP91A,1538026202564,17.0
HCP91A,1538029802483,16.0
HCP91A,1538033396691,17.0
HCP91A,1538037005840,17.0
HCP91A,1538040604430,17.0
HCP91A,1538044205444,17.0
HCP91A,1538047800295,16.0
HCP91A,1538051397265,17.0
HCP91A,1538054997685,17.0
HCP91A,1538058604639,16.0
HCP91A,1538062203297,17.0
HCP91A,1538065796554,17.0
HCP91A,1538069401695,16.0
HCP91A,1538073000618,17.0
HCP91A,1538076599256,17.0
HCP91A,1538080205116,16.0
HCP91A,1538083801206,17.0
HCP91A,1538087396733,17.0
HCP91A,1538091005880,17.0
HCP91A,1538094600645,17.0
HCP91A,1538098198805,16.0
HCP91A,1538101803905,17.0
HCP91A,1538105402797,16.0
HCP91A,1538108996473,16.0
HCP91A,1538112605930,17.0
HCP91A,1538116202722,17.0
HCP91A,1538119800293,17.0
HCP91A,1538123403246,17.0
HCP91A,1538126998036,17.0
HCP91A,1538130604446,16.0
HCP91A,1538134201984,17.0
HCP91A,1538137804777,16.0
HCP91A,1538141403316,16.0
HCP91A,1538145001413,16.0
HCP91A,1538148596209,17.0
HCP91A,1538152199667,16.0
HCP91A,1538155805501,16.0
HCP91A,1538159405928,16.0
HCP91A,1538163003627,16.0
HCP91A,1538166604088,17.0
HCP91A,1538170204309,16.0
HCP91A,1538173798765,16.0
HCP91A,1538177401046,17.0
HCP91A,1538181004116,16.0
HCP91A,1538184605571,17.0
HCP91A,1538188202103,16.0
HCP91A,1538191798041,17.0
HCP91A,1538195404821,16.0
HCP91A,1538198998081,16.0
HCP91A,1538202600399,17.0
HCP91A,1538206204191,17.0
HCP91A,1538209805054,16.0
HCP91A,1538213400170,17.0
HCP91A,1538216998928,17.0
HCP91A,1538220597413,16.0
HCP91A,1538224199472,16.0
HCP91A,1538227803242,16.0
HCP91A,1538231404884,17.0
HCP91A,1538235001559,16.0
HCP91A,1538238600961,16.0
HCP91A,1538242205554,16.0
HCP91A,1538245805705,16.0
HCP91A,1538249396744,16.0
HCP91A,1538253001334,16.0
HCP91A,1538256597587,16.0
HCP91A,1538260198304,17.0
HCP91A,1538263798296,17.0
HCP91A,1538267399274,16.0
HCP91A,1538270998480,17.0
HCP91A,1538274598490,17.0
HCP91A,1538278200638,17.0
HCP91A,1538281803510,17.0
HCP91A,1538285400878,16.0
HCP91A,1538289005227,17.0
HCP91A,1538292597149,16.0
HCP91A,1538296197752,16.0
HCP91A,1538299804020,16.0
HCP91A,1538303400777,16.0
HCP91A,1538306997824,16.0
HCP91A,1538310603711,17.0
HCP91A,1538314199613,17.0
HCP91A,1538317796635,17.0
HCP91A,1538321402688,16.0
HCP91A,1538324996378,17.0
HCP91A,1538328601475,16.0
HCP91A,1538332199404,17.0
HCP91A,1538335802042,17.0
HCP91A,1538339397742,16.0
HCP91A,1538343004451,16.0
HCP91A,1538346600679,16.0
HCP91A,1538350198284,16.0
HCP91A,1538353802879,16.0
HCP91A,1538357399069,17.0
HCP91A,1538360996154,16.0
HCP91A,1538364601494,16.0
HCP91A,1538368200771,16.0
HCP91A,1538371799427,16.0
HCP91A,1538375400676,17.0
HCP91A,1538379002315,16.0
HCP91A,1538382596148,17.0
HCP91A,1538386202743,17.0
HCP91A,1538389805497,16.0
HCP91A,1538393404222,16.0
HCP91A,1538396999196,16.0
HCP91A,1538400604382,17.0
HCP91A,1538404203307,16.0
HCP91A,1538407805847,17.0
HCP91A,1538411400712,16.0
HCP91A,1538414999793,16.0
HCP91A,1538418604688,16.0
HCP91A,1538422203581,16.0
HCP91A,1538425796055,17.0
HCP91A,1538429396169,17.0
HCP91A,1538433002432,17.0
HCP91A,1538436604811,16.0
HCP91A,1538440198474,16.0
HCP91A,1538443800976,17.0
HCP91A,1538447401061,16.0
HCP91A,1538451002158,17.0
HCP91A,1538454601667,17.0
HCP91A,1538458204692,17.0
HCP91A,1538461802379,17.0
HCP91A,1538465405074,17.0
HCP91A,1538469002440,17.0
HCP91A,1538472603396,17.0
HCP91A,1538476203615,16.0
HCP91A,1538479797306,16.0
HCP91A,1538483396143,17.0
HCP91A,1538486998227,17.0
HCP91A,1538490603346,17.0
HCP91A,1538494201863,16.0
HCP91A,1538497802512,16.0
HCP91A,1538501405282,16.0
HCP91A,1538504998389,17.0
HCP91A,1538508597533,17.0
HCP91A,1538512205528,17.0
HCP91A,1538515802503,16.0
HCP91A,1538519400124,17.0
HCP91A,1538522997155,16.0
HCP91A,1538526605282,16.0
HCP91A,1538530196794,16.0
HCP91A,1538533801004,17.0
HCP91A,1538537398368,16.0
HCP91A,1538541005454,17.0
HCP91A,1538544603205,16.0
HCP91A,1538548199438,16.0
HCP91A,1538551802913,17.0
HCP91A,1538555399596,17.0
HCP91A,1538559003185,17.0
HCP91A,1538562601356,16.0
HCP91A,1538566199855,17.0
HCP91A,1538569797631,17.0
HCP91A,1538573400221,16.0
HCP91A,1538577004464,16.0
HCP91A,1538580604907,16.0
HCP91A,1538584200972,16.0
HCP91A,1538587799240,17.0
HCP91A,1538591405642,16.0
HCP91A,1538594997620,16.0
HCP91A,1538598603129,17.0
HCP91A,1538602203235,16.0
HCP91A,1538605800809,16.0
HCP91A,1538609396445,16.0
HCP91A,1538613001856,17.0
HCP91A,1538616602193,17.0
HCP91A,1538620201598,16.0
HCP91A,1538623800794,16.0
HCP91A,1538627403260,17.0
HCP91A,1538630996792,16.0
HCP91A,1538634597981,16.0
HCP91A,1538638197072,16.0
HCP91A,1538641798152,16.0
HCP91A,1538645401056,16.0
HCP91A,1538648997597,16.0
HCP91A,1538652600570,16.0
HCP91A,1538656197333,16.0
HCP91A,1538659800289,17.0
HCP91A,1538663396261,17.0
HCP91A,1538666996320,16.0
HCP91A,1538670605554,16.0
HCP91A,1538674202294,17.0
HCP91A,1538677798847,17.0
HCP91A,1538681399775,17.0
HCP91A,1538684997362,16.0
HCP91A,1538688603406,16.0
HCP91A,1538692200071,16.0
HCP91A,1538695805734,16.0
HCP91A,1538699398507,16.0
HCP91A,1538703001639,17.0
HCP91A,1538706601146,16.0
HCP91A,1538710201893,17.0
HCP91A,1538713797043,16.0
HCP91A,1538717401555,17.0
HCP91A,1538721002296,17.0
HCP91A,1538724598509,16.0
HCP91A,1538728203764,16.0
HCP91A,1538731798372,17.0
HCP91A,1538735405620,16.0
HCP91A,1538739004564,16.0
HCP91A,1538742601479,17.0
HCP91A,1538746205697,16.0
HCP91A,1538749797217,17.0
HCP91A,1538753400592,16.0
HCP91A,1538756999513,16.0
HCP91A,1538760605457,16.0
HCP91A,1538764203908,16.0
HCP91A,1538767800297,17.0
HCP91A,1538771396810,17.0
HCP91A,1538774999149,17.0
HCP91A,1538778597222,16.0
HCP91A,1538782198297,17.0
HCP91A,1538785802826,17.0
HCP91A,1538789404496,16.0
HCP91A,1538793004432,17.0
HCP91A,1538796600525,16.0
HCP91A,1538800198061,16.0
HCP91A,1538803800263,16.0
HCP91A,1538807397406,16.0
HCP91A,1538810999891,16.0
HCP91A,1538814601046,17.0
HCP91A,1538818199074,17.0
HCP91A,1538821803887,17.0
HCP91A,1538825402043,16.0
HCP91A,1538828999805,16.0
HCP91A,1538832601779,17.0
HCP91A,1538836198689,16.0
HCP91A,1538839795992,17.0
HCP91A,1538843399914,17.0
HCP91A,1538847003532,16.0
HCP91A,1538850596407,16.0
HCP91A,1538854197437,17.0
HCP91A,1538857802377,17.0
HCP91A,1538861404035,16.0
HCP91A,1538864997125,17.0
HCP91A,1538868601026,16.0
HCP91A,1538872204837,16.0
HCP91A,1538875803471,17.0
HCP91A,1538879401647,17.0
HCP91A,1538883003055,16.0
HCP91A,1538886605727,17.0
HCP91A,1538890197225,16.0
HCP91A,1538893802831,17.0
HCP91A,1538897402285,17.0
HCP91A,1538901004486,16.0
HCP91A,1538904598637,16.0
HCP91A,1538908196190,17.0
HCP91A,1538911805129,17.0
HCP91A,1538915403566,16.0
HCP91A,1538918999032,17.0
HCP91A,1538922598023,16.0
HCP91A,1538926196050,17.0
HCP91A,1538929798731,17.0
HCP91A,1538933399146,17.0
HCP91A,1538936996873,17.0
HCP91A,1538940602392,16.0
HCP91A,1538944199717,17.0
HCP91A,1538947798403,16.0
HCP91A,1538951399395,17.0
HCP91A,1538955001180,16.0
HCP91A,1538958605331,17.0
HCP91A,1538962201015,17.0
HCP91A,1538965803784,17.0
HCP91A,1538969400181,16.0
HCP91A,1538972999634,16.0
HCP91A,1538976597020,16.0
HCP91A,1538980200634,17.0
HCP91A,1538983801190,17.0
HCP91A,1538987402972,17.0
HCP91A,1538991002056,17.0
HCP91A,1538994603712,16.0
HCP91A,1538998197018,17.0
HCP91A,1539001797875,17.0
HCP91A,1539005403077,17.0
HCP91A,1539009004018,16.0
HCP91A,1539012602571,16.0
HCP91A,1539016197845,16.0
HCP91A,1539019798607,17.0
HCP91A,1539023396089,16.0
HCP91A,1539027003331,16.0
HCP91A,1539030599015,16.0
HCP91A,1539034196962,17.0
HCP91A,1539037796001,17.0
HCP91A,1539041398691,17.0
HCP91A,1539044998460,17.0
HCP91A,1539048597742,17.0
HCP91A,1539052201320,16.0
HCP91A,1539055804282,17.0
HCP91A,1539059400268,16.0
HCP91A,1539063000804,17.0
HCP91A,1539066597438,17.0
HCP91A,1539070205083,16.0
HCP91A,1539073796080,17.0
HCP91A,1539077398343,17.0
HCP91A,1539081002789,16.0
HCP91A,1539084598906,17.0
HCP91A,1539088196770,16.0
HCP91A,1539091802381,16.0
HCP91A,1539095404352,16.0
HCP91A,1539098999965,16.0
HCP91A,1539102601631,16.0
HCP91A,1539106203582,17.0
HCP91A,1539109800486,16.0
HCP91A,1539113404876,17.0
HCP91A,1539117002310,17.0
HCP91A,1539120602578,16.0
HCP91A,1539124201725,16.0
HCP91A,1539127799522,16.0
HCP91A,1539131401255,16.0
HCP91A,1539135002980,16.0
HCP91A,1539138601121,17.0
HCP91A,1539142201164,17.0
HCP91A,1539145797478,16.0
HCP91A,1539149400579,16.0
HCP91A,1539152997100,16.0
HCP91A,1539156598231,16.0
HCP91A,1539160199416,17.0
HCP91A,1539163798301,17.0
HCP91A,1539167404637,17.0
HCP91A,1539170999731,16.0
HCP91A,1539174598083,17.0
HCP91A,1539178201364,16.0
HCP91A,1539181798163,16.0
HCP91A,1539185403524,16.0
HCP91A,1539188998816,16.0
HCP91A,1539192596907,17.0
HCP91A,1539196205680,17.0
HCP91A,1539199797389,16.0
HCP91A,1539203403705,17.0
HCP91A,1539206997159,17.0
HCP91A,1539210596824,16.0
HCP91A,1539214201653,16.0
HCP91A,1539217797308,16.0
HCP91A,1539221396896,16.0
HCP91A,1539224998689,16.0
HCP91A,1539228596580,17.0
HCP91A,1539232203112,16.0
HCP91A,1539235800734,17.0
HCP91A,1539239401074,16.0
HCP91A,1539243003972,16.0
HCP91A,1539246601821,16.0
HCP91A,1539250201118,16.0
HCP91A,1539253805478,17.0
HCP91A,1539257397778,16.0
HCP91A,1539261003741,17.0
HCP91A,1539264600653,16.0
HCP91A,1539268198824,17.0
HCP91A,1539271804076,17.0
HCP91A,1539275396559,16.0
HCP91A,1539279000105,16.0
HCP91A,1539282599446,16.0
HCP91A,1539286205042,16.0
HCP91A,1539289796248,16.0
HCP91A,1539293396277,17.0
HCP91A,1539296996144,17.0
HCP91A,1539300601575,17.0
HCP91A,1539304205714,17.0
HCP91A,1539307796227,17.0
HCP91A,1539311396856,16.0
HCP91A,1539314996655,17.0
HCP91A,1539318596935,16.0
HCP91A,1539322204345,16.0
HCP91A,1539325805937,17.0
HCP91A,1539329403552,17.0
HCP91A,1539332998005,17.0
HCP91A,1539336601070,16.0
HCP91A,1539340198561,16.0
HCP91A,1539343800306,17.0
HCP91A,1539347400057,17.0
HCP91A,1539351002411,17.0
HCP91A,1539354603728,17.0
HCP91A,1539358196032,16.0
HCP91A,1539361805781,17.0
HCP91A,1539365398284,17.0
HCP91A,1539369002697,16.0
HCP91A,1539372600487,17.0
HCP91A,1539376197227,17.0
HCP91A,1539379803471,17.0
HCP91A,1539383395989,16.0
HCP91A,1539387002116,17.0
HCP91A,1539390603393,16.0
HCP91A,1539394198417,16.0
HCP91A,1539397798805,16.0
HCP91A,1539401405463,17.0
HCP91A,1539405004093,16.0
HCP91A,1539408604550,16.0
HCP91A,1539412205719,17.0
HCP91A,1539415804180,16.0
HCP91A,1539419402200,17.0
HCP91A,1539423003583,16.0
HCP91A,1539426598573,16.0
HCP91A,1539430203582,16.0
HCP91A,1539433798861,16.0
HCP91A,1539437402451,16.0
HCP91A,1539440996171,16.0
HCP91A,1539444604300,16.0
HCP91A,1539448202264,17.0
HCP91A,1539451804648,16.0
HCP91A,1539455400070,17.0
HCP91A,1539459002438,17.0
HCP91A,1539462601961,16.0
HCP91A,1539466201384,16.0
HCP91A,1539469800231,17.0
HCP91A,1539473405895,16.0
HCP91A,1539477000752,17.0
HCP91A,1539480598031,17.0
HCP91A,1539484196824,16.0
HCP91A,1539487798826,16.0
HCP91A,1539491405840,16.0
HCP91A,1539494998441,16.0
HCP91A,1539498598964,17.0
HCP91A,1539502197710,17.0
HCP91A,1539505805518,17.0
HCP91A,1539509405541,16.0
HCP91A,1539513002457,16.0
HCP91A,1539516602387,16.0
HCP91A,1539520205985,16.0
HCP91A,1539523803335,17.0
HCP91A,1539527402422,17.0
HCP91A,1539530996876,17.0
HCP91A,1539534596401,16.0
HCP91A,1539538196447,16.0
HCP91A,1539541803103,16.0
HCP91A,1539545399612,16.0
HCP91A,1539549002490,17.0
HCP91A,1539552603029,17.0
HCP91A,1539556202421,17.0
HCP91A,1539559796923,17.0
HCP91A,1539563405479,17.0
HCP91A,1539566998510,16.0
HCP91A,1539570605440,16.0
HCP91A,1539574202113,17.0
HCP91A,1539577805529,17.0
HCP91A,1539581404773,16.0
HCP91A,1539585000552,16.0
HCP91A,1539588603527,17.0
HCP91A,1539592199823,17.0
HCP91A,1539595796437,16.0
HCP91A,1539599399093,16.0
HCP91A,1539603002362,16.0
HCP91A,1539606596125,17.0
HCP91A,1539610197547,16.0
HCP91A,1539613803763,17.0
HCP91A,1539617401353,17.0
HCP91A,1539620997927,17.0
HCP91A,1539624599142,16.0
HCP91A,1539628200354,16.0
HCP91A,1539631805236,16.0
HCP91A,1539635402932,16.0
HCP91A,1539639003352,16.0
HCP91A,1539642605343,17.0
HCP91A,1539646198365,16.0
HCP91A,1539649798701,17.0
HCP91A,1539653404884,17.0
HCP91A,1539657001214,17.0
HCP91A,1539660601176,17.0
HCP91A,1539664204349,16.0
HCP91A,1539667803823,17.0
HCP91A,1539671400017,17.0
HCP91A,1539674999948,17.0
HCP91A,1539678598993,17.0
HCP91A,1539682201408,16.0
HCP91A,1539685799072,16.0
HCP91A,1539689405857,16.0
HCP91A,1539692996871,16.0
HCP91A,1539696596626,17.0
HCP91A,1539700198241,17.0
HCP91A,1539703796705,17.0
HCP91A,1539707397377,17.0
HCP91A,1539711003615,17.0
HCP91A,1539714600094,17.0
HCP91A,1539718203881,17.0
HCP91A,1539721803520,17.0
HCP91A,1539725400309,17.0
HCP91A,1539728997524,17.0
HCP91A,1539732604439,17.0
HCP91A,1539736205786,16.0
HCP91A,1539739803234,17.0
HCP91A,1539743400608,17.0
HCP91A,1539746999676,16.0
HCP91A,1539750602262,17.0
HCP91A,1539754201449,16.0
HCP91A,1539757799441,17.0
HCP91A,1539761396584,17.0
HCP91A,1539764997613,17.0
HCP91A,1539768605804,17.0
HCP91A,1539772204266,17.0
HCP91A,1539775803874,17.0
HCP91A,1539779405608,16.0
HCP91A,1539783004593,16.0
HCP91A,1539786600239,17.0
HCP91A,1539790204031,17.0
HCP91A,1539793804582,16.0
HCP91A,1539797403839,17.0
HCP91A,1539801005540,16.0
HCP91A,1539804599368,16.0
HCP91A,1539808199477,17.0
HCP91A,1539811805935,16.0
HCP91A,1539815402803,16.0
HCP91A,1539819001718,16.0
HCP91A,1539822601365,17.0
HCP91A,1539826196126,16.0
HCP91A,1539829802741,17.0
HCP91A,1539833399830,16.0
HCP91A,1539836999755,17.0
HCP91A,1539840599527,17.0
HCP91A,1539844202310,16.0
HCP91A,1539847800391,16.0
HCP91A,1539851398153,16.0
HCP91A,1539855000219,16.0
HCP91A,1539858605779,16.0
HCP91A,1539862198489,17.0
HCP91A,1539865803752,16.0
HCP91A,1539869397850,16.0
HCP91A,1539872997964,16.0
HCP91A,1539876604046,17.0
HCP91A,1539880205615,17.0
HCP91A,1539883802601,16.0
HCP91A,1539887405460,17.0
HCP91A,1539890997434,17.0
HCP91A,1539894603162,16.0
HCP91A,1539898199259,16.0
HCP91A,1539901798637,16.0
HCP91A,1539905403140,16.0
HCP91A,1539909000790,17.0
HCP91A,1539912600810,17.0
HCP91A,1539916198510,17.0
HCP91A,1539919796676,16.0
HCP91A,1539923403906,16.0
HCP91A,1539927005693,17.0
HCP91A,1539930598383,16.0
HCP91A,1539934196741,16.0
HCP91A,1539937798253,16.0
HCP91A,1539941399360,17.0
HCP91A,1539945002617,16.0
HCP91A,1539948599922,17.0
HCP91A,1539952197628,17.0
HCP91A,1539955800769,16.0
HCP91A,1539959405113,16.0
HCP91A,1539962999418,16.0
HCP91A,1539966596931,16.0
HCP91A,1539970203695,17.0
HCP91A,1539973797243,17.0
HCP91A,1539977397149,16.0
HCP91A,1539981003016,17.0
HCP91A,1539984605132,17.0
HCP91A,1539988205648,17.0
HCP91A,1539991799374,17.0
HCP91A,1539995401445,17.0
HCP91A,1539998997577,17.0
HCP91A,1540002600106,17.0
HCP91A,1540006203473,16.0
HCP91A,1540009802580,17.0
HCP91A,1540013399902,16.0
HCP91A,1540017004140,17.0
HCP91A,1540020597468,17.0
HCP91A,1540024196530,16.0
HCP91A,1540027799296,16.0
HCP91A,1540031403389,16.0
HCP91A,1540034996455,17.0
HCP91A,1540038600286,16.0
HCP91A,1540042197322,16.0
HCP91A,1540045797956,16.0
HCP91A,1540049403550,16.0
HCP91A,1540052996169,17.0
HCP91A,1540056605431,16.0
HCP91A,1540060204650,17.0
HCP91A,1540063803051,16.0
HCP91A,1540067401173,16.0
HCP91A,1540070999124,16.0
HCP91A,1540074598893,16.0
HCP91A,1540078197006,17.0
HCP91A,1540081796872,16.0
HCP91A,1540085399488,17.0
HCP91A,1540088997768,17.0
HCP91A,1540092604631,17.0
HCP91A,1540096197575,16.0
HCP91A,1540099800813,17.0
HCP91A,1540103405661,16.0
HCP91A,1540106999880,17.0
HCP91A,1540110604109,17.0
HCP91A,1540114205294,16.0
HCP91A,1540117795998,17.0
HCP91A,1540121397813,16.0
HCP91A,1540125003716,17.0
HCP91A,1540128596264,17.0
HCP91A,1540132199197,16.0
HCP91A,1540135803733,16.0
HCP91A,1540139401944,17.0
HCP91A,1540142998371,16.0
HCP91A,1540146599825,17.0
HCP91A,1540150200304,16.0
HCP91A,1540153803481,17.0
HCP91A,1540157396968,16.0
HCP91A,1540160997490,17.0
HCP91A,1540164600832,16.0
HCP91A,1540168205319,17.0
HCP91A,1540171796434,16.0
HCP91A,1540175403401,17.0
HCP91A,1540179004131,16.0
HCP91A,1540182602261,16.0
HCP91A,1540186197679,17.0
HCP91A,1540189801698,16.0
HCP91A,1540193404149,16.0
HCP91A,1540197002840,17.0
HCP91A,1540200603117,17.0
HCP91A,1540204201355,17.0
HCP91A,1540207804455,17.0
HCP91A,1540211402070,17.0
HCP91A,1540215003695,17.0
HCP91A,1540218598276,16.0
HCP91A,1540222202220,17.0
HCP91A,1540225798761,17.0
HCP91A,1540229403991,17.0
HCP91A,1540233000911,16.0
HCP91A,1540236599128,17.0
HCP91A,1540240204539,16.0
HCP91A,1540243796043,16.0
HCP91A,1540247403407,16.0
HCP91A,1540250998161,16.0
HCP91A,1540254604778,17.0
HCP91A,1540258202946,17.0
HCP91A,1540261805242,17.0
HCP91A,1540265401823,17.0
HCP91A,1540268996467,16.0
HCP91A,1540272598102,16.0
HCP91A,1540276201017,17.0
HCP91A,1540279797726,17.0
HCP91A,1540283396616,16.0
HCP91A,1540286996049,16.0
HCP91A,1540290604260,16.0
HCP91A,1540294199128,17.0
HCP91A,1540297797996,17.0
HCP91A,1540301400689,16.0
HCP91A,1540305002232,17.0
HCP91A,1540308604829,17.0
HCP91A,1540312196099,17.0
HCP91A,1540315798054,16.0
HCP91A,1540319402226,17.0
HCP91A,1540323004621,16.0
HCP91A,1540326603444,16.0
HCP91A,1540330205569,16.0
HCP91A,1540333805043,16.0
HCP91A,1540337403146,16.0
HCP91A,1540341000776,17.0
HCP91A,1540344605348,17.0
HCP91A,1540348200204,16.0
HCP91A,1540351799432,17.0
HCP91A,1540355396810,16.0
HCP91A,1540359003510,17.0
HCP91A,1540362599137,16.0
HCP91A,1540366199422,16.0
HCP91A,1540369801174,17.0
HCP91A,1540373403965,17.0
HCP91A,1540377003752,17.0
HCP91A,1540380603892,16.0
HCP91A,1540384201916,16.0
HCP91A,1540387799636,17.0
HCP91A,1540391400265,17.0
HCP91A,1540395003541,17.0
HCP91A,1540398602973,16.0
HCP91A,1540402199092,16.0
HCP91A,1540405796508,16.0
HCP91A,1540409399132,17.0
HCP91A,1540413005498,16.0
HCP91A,1540416596588,16.0
HCP91A,1540420199039,17.0
HCP91A,1540423803608,17.0
HCP91A,1540427396105,17.0
HCP91A,1540431000427,17.0
HCP91A,1540434600959,16.0
HCP91A,1540438202233,17.0
HCP91A,1540441800689,17.0
HCP91A,1540445399251,16.0
HCP91A,1540449001180,17.0
HCP91A,1540452598338,16.0
HCP91A,1540456203450,16.0
HCP91A,1540459798677,17.0
HCP91A,1540463398984,17.0
HCP91A,1540466999959,16.0
HCP91A,1540470598080,17.0
HCP91A,1540474201625,16.0
HCP91A,1540477804277,17.0
HCP91A,1540481399790,16.0
HCP91A,1540484997518,17.0
HCP91A,1540488599381,17.0
HCP91A,1540492201516,16.0
HCP91A,1540495801456,17.0
HCP91A,1540499399157,16.0
HCP91A,1540502997650,17.0
HCP91A,1540506601554,17.0
HCP91A,1540510200294,17.0
HCP91A,1540513796100,17.0
HCP91A,1540517398588,17.0
HCP91A,1540521003634,17.0
HCP91A,1540524599102,17.0
HCP91A,1540528203007,16.0
HCP91A,1540531799327,16.0
HCP91A,1540535401416,16.0
HCP91A,1540539000341,16.0
HCP91A,1540542596858,16.0
HCP91A,1540546204637,17.0
HCP91A,1540549799889,16.0
HCP91A,1540553396204,16.0
HCP91A,1540556998205,17.0
HCP91A,1540560601301,16.0
HCP91A,1540564200622,17.0
HCP91A,1540567798629,17.0
HCP91A,1540571402015,17.0
HCP91A,1540575003323,16.0
HCP91A,1540578605984,16.0
HCP91A,1540582201716,17.0
HCP91A,1540585797308,16.0
HCP91A,1540589404244,17.0
HCP91A,1540593001434,17.0
HCP91A,1540596599088,17.0
HCP91A,1540600198593,16.0
HCP91A,1540603796168,16.0
HCP91A,1540607405588,16.0
HCP91A,1540611003329,16.0
HCP91A,1540614598524,17.0
HCP91A,1540618199792,17.0
HCP91A,1540621803604,16.0
HCP91A,1540625403442,17.0
HCP91A,1540629003279,16.0
HCP91A,1540632598087,17.0
HCP91A,1540636196325,16.0
HCP91A,1540639801870,16.0
HCP91A,1540643404603,17.0
HCP91A,1540646996859,16.0
HCP91A,1540650599601,17.0
HCP91A,1540654203236,16.0
HCP91A,1540657802279,17.0
HCP91A,1540661400698,16.0
HCP91A,1540664997416,16.0
HCP91A,1540668602756,17.0
HCP91A,1540672201016,17.0
HCP91A,1540675801879,16.0
HCP91A,1540679401993,17.0
HCP91A,1540683003361,17.0
HCP91A,1540686604103,16.0
HCP91A,1540690205620,16.0
HCP91A,1540693804853,16.0
HCP91A,1540697405887,17.0
HCP91A,1540701003280,17.0
HCP91A,1540704605591,16.0
HCP91A,1540708196161,17.0
HCP91A,1540711798484,16.0
HCP91A,1540715397471,17.0
HCP91A,1540718996775,17.0
HCP91A,1540722605698,17.0
HCP91A,1540726203161,16.0
HCP91A,1540729801907,17.0
HCP91A,1540733398014,16.0
HCP91A,1540736998960,16.0
HCP91A,1540740605287,17.0
HCP91A,1540744205981,17.0
HCP91A,1540747805030,16.0
HCP91A,1540751398261,16.0
HCP91A,1540755001420,16.0
HCP91A,1540758605839,17.0
HCP91A,1540762197006,16.0
HCP91A,1540765802924,17.0
HCP91A,1540769405397,16.0
HCP91A,1540772998030,17.0
HCP91A,1540776605332,17.0
HCP91A,1540780196996,17.0
HCP91A,1540783798195,16.0
HCP91A,1540787399010,17.0
HCP91A,1540790996457,17.0
HCP91A,1540794600077,16.0
HCP91A,1540798197496,16.0
HCP91A,1540801805587,17.0
HCP91A,1540805396770,16.0
HCP91A,1540808998919,17.0
HCP91A,1540812605272,17.0
HCP91A,1540816204747,16.0
HCP91A,1540819805107,17.0
HCP91A,1540823397976,17.0
HCP91A,1540826996266,16.0
HCP91A,1540830597384,16.0
HCP91A,1540834198371,17.0
HCP91A,1540837804916,17.0
HCP91A,1540841403062,17.0
HCP91A,1540845003513,17.0
HCP91A,1540848600204,17.0
HCP91A,1540852204564,17.0
HCP91A,1540855802951,16.0
HCP91A,1540859398462,17.0
HCP91A,1540863004074,17.0
HCP91A,1540866598226,17.0
HCP91A,1540870197896,17.0
HCP91A,1540873798522,17.0
HCP91A,1540877405065,16.0
HCP91A,1540881000872,17.0
HCP91A,1540884605112,17.0
HCP91A,1540888196017,16.0
HCP91A,1540891800313,17.0
HCP91A,1540895402454,16.0
HCP91A,1540898997047,16.0
HCP91A,1540902597628,17.0
HCP91A,1540906200332,17.0
HCP91A,1540909800906,17.0
HCP91A,1540913398680,17.0
HCP91A,1540916998273,17.0
HCP91A,1540920604323,17.0
HCP91A,1540924197943,16.0
HCP91A,1540927801103,16.0
HCP91A,1540931404318,17.0
HCP91A,1540935000630,17.0
HCP91A,1540938604064,16.0
HCP91A,1540942205346,17.0
HCP91A,1540945800733,17.0
HCP91A,1540949403003,16.0
HCP91A,1540952998668,16.0
HCP91A,1540956602746,16.0
HCP91A,1540960202238,17.0
HCP91A,1540963796507,16.0
HCP91A,1540967396770,17.0
HCP91A,1540971004545,17.0
HCP91A,1540974603618,16.0
HCP91A,1540978203090,16.0
HCP91A,1540981799484,17.0
HCP91A,1540985402578,17.0
HCP91A,1540989003579,16.0
HCP91A,1540992600557,17.0
HCP91A,1540996197653,17.0
HCP91A,1540999798813,17.0
HCP91A,1541003399791,16.0
HCP91A,1541006997963,16.0
HCP91A,1541010599612,17.0
HCP91A,1541014203954,16.0
HCP91A,1541017798516,17.0
HCP91A,1541021397566,16.0
HCP91A,1541025005872,16.0
HCP91A,1541028601587,16.0
HCP91A,1541032205811,16.0
HCP91A,1541035804585,16.0
HCP91A,1541039398356,17.0
HCP91A,1541043000773,17.0
HCP91A,1541046600423,16.0
HCP91A,1541050200482,16.0
HCP91A,1541053801178,16.0
HCP91A,1541057400733,17.0
HCP91A,1541061002652,17.0
HCP91A,1541064603135,16.0
HCP91A,1541068204521,17.0
HCP91A,1541071804036,16.0
HCP91A,1541075402370,17.0
HCP91A,1541079004666,16.0
HCP91A,1541082597385,16.0
HCP91A,1541086205317,16.0
HCP91A,1541089800697,17.0
HCP91A,1541093405614,16.0
HCP91A,1541097001955,16.0
HCP91A,1541100600251,16.0
HCP91A,1541104197668,17.0
HCP91A,1541107799352,16.0
HCP91A,1541111401443,17.0
HCP91A,1541115002245,17.0
HCP91A,1541118598168,16.0
HCP91A,1541122199561,17.0
HCP91A,1541125800727,16.0
HCP91A,1541129404579,16.0
HCP91A,1541133001916,17.0
HCP91A,1541136602737,17.0
HCP91A,1541140203232,17.0
HCP91A,1541143802216,17.0
HCP91A,1541147398616,17.0
HCP91A,1541151003219,16.0
HCP91A,1541154603597,16.0
HCP91A,1541158198360,16.0
HCP91A,1541161797495,16.0
HCP91A,1541165401173,17.0
HCP91A,1541169001157,17.0
HCP91A,1541172598041,16.0
HCP91A,1541176205623,17.0
HCP91A,1541179803631,17.0
HCP91A,1541183402075,16.0
HCP91A,1541187003716,16.0
HCP91A,1541190598725,17.0
HCP91A,1541194203576,16.0
HCP91A,1541197798745,17.0
HCP91A,1541201402003,17.0
HCP91A,1541204996627,17.0
HCP91A,1541208605022,16.0
HCP91A,1541212202471,17.0
HCP91A,1541215798705,17.0
HCP91A,1541219397860,17.0
HCP91A,1541222996844,17.0
HCP91A,1541226603474,17.0
HCP91A,1541230205247,17.0
HCP91A,1541233798812,17.0
HCP91A,1541237397251,17.0
HCP91A,1541241004296,16.0
HCP91A,1541244598378,17.0
HCP91A,1541248201970,16.0
HCP91A,1541251799940,17.0
HCP91A,1541255404040,17.0
HCP91A,1541258998647,17.0
HCP91A,1541262597952,16.0
HCP91A,1541266199473,17.0
HCP91A,1541269804420,17.0
HCP91A,1541273399594,17.0
HCP91A,1541277002591,17.0
HCP91A,1541280605905,17.0
HCP91A,1541284204656,17.0
HCP91A,1541287805496,16.0
HCP91A,1541291399324,16.0
HCP91A,1541295003707,17.0
HCP91A,1541298596466,17.0
HCP91A,1541302201626,16.0
HCP91A,1541305802824,16.0
HCP91A,1541309400455,16.0
HCP91A,1541313005106,17.0
HCP91A,1541316597147,16.0
HCP91A,1541320200961,17.0
HCP91A,1541323803394,17.0
HCP91A,1541327404185,16.0
HCP91A,1541330998342,16.0
HCP91A,1541334602779,16.0
HCP91A,1541338198248,17.0
HCP91A,1541341800867,16.0
HCP91A,1541345397450,16.0
HCP91A,1541348997323,16.0
HCP91A,1541352601449,17.0
HCP91A,1541356198606,16.0
HCP91A,1541359796744,17.0
HCP91A,1541363402696,17.0
HCP91A,1541367005415,16.0
HCP91A,1541370605482,16.0
HCP91A,1541374200817,16.0
HCP91A,1541377796331,17.0
HCP91A,1541381397668,17.0
HCP91A,1541384997400,17.0
HCP91A,1541388604202,17.0
HCP91A,1541392205501,17.0
HCP91A,1541395805861,17.0
HCP91A,1541399404845,16.0
HCP91A,1541403003321,16.0
HCP91A,1541406603421,17.0
HCP91A,1541410197091,16.0
HCP91A,1541413803599,16.0
HCP91A,1541417398039,16.0
HCP91A,1541421002553,17.0
HCP91A,1541424596214,16.0
HCP91A,1541428197780,16.0
HCP91A,1541431798925,17.0
HCP91A,1541435399969,16.0
HCP91A,1541439005626,16.0
HCP91A,1541442600535,17.0
HCP91A,1541446198089,16.0
HCP91A,1541449800057,17.0
HCP91A,1541453401708,16.0
HCP91A,1541457004020,16.0
HCP91A,1541460599480,16.0
HCP91A,1541464201702,16.0
HCP91A,1541467802812,17.0
HCP91A,1541471396073,17.0
HCP91A,1541474999483,16.0
HCP91A,1541478598765,16.0
HCP91A,1541482198378,16.0
HCP91A,1541485804037,17.0
HCP91A,1541489404852,16.0
HCP91A,1541492996121,16.0
HCP91A,1541496599594,17.0
HCP91A,1541500197881,16.0
HCP91A,1541503796344,17.0
HCP91A,1541507399907,17.0
HCP91A,1541510997825,16.0
HCP91A,1541514600251,17.0
HCP91A,1541518203916,16.0
HCP91A,1541521802889,16.0
HCP91A,1541525400263,17.0
HCP91A,1541529001008,16.0
HCP91A,1541532601817,17.0
HCP91A,1541536202874,16.0
HCP91A,1541539805397,17.0
HCP91A,1541543399295,16.0
HCP91A,1541547003642,16.0
HCP91A,1541550602469,17.0
HCP91A,1541554196471,16.0
HCP91A,1541557798243,16.0
HCP91A,1541561402234,17.0
HCP91A,1541565004703,17.0
HCP91A,1541568598664,16.0
HCP91A,1541572202087,16.0
HCP91A,1541575798584,16.0
HCP91A,1541579399611,16.0
HCP91A,1541583001466,16.0
HCP91A,1541586604025,17.0
HCP91A,1541590203845,16.0
HCP91A,1541593796946,16.0
HCP91A,1541597404525,17.0
HCP91A,1541601000632,16.0
HCP91A,1541604604674,16.0
HCP91A,1541608199066,17.0
HCP91A,1541611798772,16.0
HCP91A,1541615403144,17.0
HCP91A,1541618997844,17.0
HCP91A,1541622603552,17.0
HCP91A,1541626197302,17.0
HCP91A,1541629799339,17.0
HCP91A,1541633404017,17.0
HCP91A,1541637002624,17.0
HCP91A,1541640599032,17.0
HCP91A,1541644203975,16.0
HCP91A,1541647800434,17.0
HCP91A,1541651404601,17.0
HCP91A,1541655000549,17.0
HCP91A,1541658597524,17.0
HCP91A,1541662196432,17.0
HCP91A,1541665798444,17.0
HCP91A,1541669404711,17.0
HCP91A,1541672999452,17.0
HCP91A,1541676599113,16.0
HCP91A,1541680198379,16.0
HCP91A,1541683801485,17.0
HCP91A,1541687404891,17.0
HCP91A,1541690998954,16.0
HCP91A,1541694605612,16.0
HCP91A,1541698202565,16.0
HCP91A,1541701805454,17.0
HCP91A,1541705398228,17.0
HCP91A,1541708999525,17.0
HCP91A,1541712603280,16.0
HCP91A,1541716201173,16.0
HCP91A,1541719799097,16.0
HCP91A,1541723399423,17.0
HCP91A,1541727003731,16.0
HCP91A,1541730598931,16.0
HCP91A,1541734204094,16.0
HCP91A,1541737796628,17.0
HCP91A,1541741400658,16.0
HCP91A,1541745004235,16.0
HCP91A,1541748596696,16.0
HCP91A,1541752204594,16.0
HCP91A,1541755796836,17.0
HCP91A,1541759397266,16.0
HCP91A,1541763001840,17.0
HCP91A,1541766602344,16.0
HCP91A,1541770202212,17.0
HCP91A,1541773796257,17.0
HCP91A,1541777396529,16.0
HCP91A,1541781001286,16.0
HCP91A,1541784603788,16.0
HCP91A,1541788198434,17.0
HCP91A,1541791805174,16.0
HCP91A,1541795403247,17.0
HCP91A,1541798998361,16.0
HCP91A,1541802605759,17.0
HCP91A,1541806196478,17.0
HCP91A,1541809800248,17.0
HCP91A,1541813404635,16.0
HCP91A,1541817005272,16.0
HCP91A,1541820601274,16.0
HCP91A,1541824197703,16.0
HCP91A,1541827798532,17.0
HCP91A,1541831396092,16.0
HCP91A,1541835000667,16.0
HCP91A,1541838601654,16.0
HCP91A,1541842204086,16.0
HCP91A,1541845797148,16.0
HCP91A,1541849405462,17.0
HCP91A,1541853000127,17.0
HCP91A,1541856596422,17.0
HCP91A,1541860201724,17.0
HCP91A,1541863796161,17.0
HCP91A,1541867396032,16.0
HCP91A,1541870996669,17.0
HCP91A,1541874601315,17.0
HCP91A,1541878205365,16.0
HCP91A,1541881803350,16.0
HCP91A,1541885402419,17.0
HCP91A,1541889001160,17.0
HCP91A,1541892596140,17.0
HCP91A,1541896198243,17.0
HCP91A,1541899801445,17.0
HCP91A,1541903399077,17.0
HCP91A,1541907002786,17.0
HCP91A,1541910605770,17.0
HCP91A,1541914200062,17.0
HCP91A,1541917797029,17.0
HCP91A,1541921405349,17.0
HCP91A,1541925000863,16.0
HCP91A,1541928601550,16.0
HCP91A,1541932197352,17.0
HCP91A,1541935802806,16.0
HCP91A,1541939404009,17.0
HCP91A,1541943004055,17.0
HCP91A,1541946605531,16.0
HCP91A,1541950198231,16.0
HCP91A,1541953801745,17.0
HCP91A,1541957405644,16.0
HCP91A,1541960998801,16.0
HCP91A,1541964602316,16.0
HCP91A,1541968202402,16.0
HCP91A,1541971800195,17.0
HCP91A,1541975405151,16.0
HCP91A,1541979000765,16.0
HCP91A,1541982603944,17.0
HCP91A,1541986201202,17.0
HCP91A,1541989800249,17.0
HCP91A,1541993399056,17.0
HCP91A,1541996999027,16.0
HCP91A,1542000597331,17.0
HCP91A,1542004205816,17.0
HCP91A,1542007802945,16.0
HCP91A,1542011405299,16.0
HCP91A,1542015004881,17.0
HCP91A,1542018598005,17.0
HCP91A,1542022205179,16.0
HCP91A,1542025796028,17.0
HCP91A,1542029403002,16.0
HCP91A,1542033000109,16.0
HCP91A,1542036600173,16.0
HCP91A,1542040205217,17.0
HCP91A,1542043799869,17.0
HCP91A,1542047403548,17.0
HCP91A,1542051001096,16.0
HCP91A,1542054604809,16.0
HCP91A,1542058197963,17.0
HCP91A,1542061803427,16.0
HCP91A,1542065397597,16.0
HCP91A,1542068997663,16.0
HCP91A,1542072604663,16.0
HCP91A,1542076198932,17.0
HCP91A,1542079800017,16.0
HCP91A,1542083403931,17.0
HCP91A,1542087005880,16.0
HCP91A,1542090603587,17.0
HCP91A,1542094205034,16.0
HCP91A,1542097799596,16.0
HCP91A,1542101403011,17.0
HCP91A,1542105001780,16.0
HCP91A,1542108601457,17.0
HCP91A,1542112205615,17.0
HCP91A,1542115801731,17.0
HCP91A,1542119397617,16.0
HCP91A,1542123005392,17.0
HCP91A,1542126604039,16.0
HCP91A,1542130203170,17.0
HCP91A,1542133805779,17.0
HCP91A,1542137399731,17.0
HCP91A,1542140996053,17.0
HCP91A,1542144596879,17.0
HCP91A,1542148197397,16.0
HCP91A,1542151796168,16.0
HCP91A,1542155399662,16.0
HCP91A,1542158997224,17.0
HCP91A,1542162603510,17.0
HCP91A,1542166202928,17.0
HCP91A,1542169798201,17.0
HCP91A,1542173403471,17.0
HCP91A,1542176996277,16.0
HCP91A,1542180605933,16.0
HCP91A,1542184204256,16.0
HCP91A,1542187797478,17.0
HCP91A,1542191401380,17.0
HCP91A,1542194999412,16.0
HCP91A,1542198597468,17.0
HCP91A,1542202203365,16.0
HCP91A,1542205804615,17.0
HCP91A,1542209400858,17.0
HCP91A,1542213002138,17.0
HCP91A,1542216602752,16.0
HCP91A,1542220198820,17.0
HCP91A,1542223797128,17.0
HCP91A,1542227404827,17.0
HCP91A,1542231001603,17.0
HCP91A,1542234600227,17.0
HCP91A,1542238203369,17.0
HCP91A,1542241796589,17.0
HCP91A,1542245403288,17.0
HCP91A,1542249004413,17.0
HCP91A,1542252605672,17.0
HCP91A,1542256201909,16.0
HCP91A,1542259796860,17.0
HCP91A,1542263401470,17.0
HCP91A,1542266999445,17.0
HCP91A,1542270597286,17.0
HCP91A,1542274205135,17.0
HCP91A,1542277803636,16.0
HCP91A,1542281396334,17.0
HCP91A,1542285003752,17.0
HCP91A,1542288603411,17.0
HCP91A,1542292199983,16.0
HCP91A,1542295796007,16.0
HCP91A,1542299405540,16.0
HCP91A,1542303003882,16.0
HCP91A,1542306601889,17.0
HCP91A,1542310200948,16.0
HCP91A,1542313801923,16.0
HCP91A,1542317398873,16.0
HCP91A,1542320998973,16.0
HCP91A,1542324598636,16.0
HCP91A,1542328204916,17.0
HCP91A,1542331805801,16.0
HCP91A,1542335404842,17.0
HCP91A,1542339001190,16.0
HCP91A,1542342598101,17.0
HCP91A,1542346200451,17.0
HCP91A,1542349801294,17.0
HCP91A,1542353397084,17.0
HCP91A,1542357001479,16.0
HCP91A,1542360600705,16.0
HCP91A,1542364198645,16.0
HCP91A,1542367800012,16.0
HCP91A,1542371398316,16.0
HCP91A,1542374999393,16.0
HCP91A,1542378600585,16.0
HCP91A,1542382196323,17.0
HCP91A,1542385798729,16.0
HCP91A,1542389404627,16.0
HCP91A,1542392998712,17.0
HCP91A,1542396600595,17.0
HCP91A,1542400199510,17.0
HCP91A,1542403796471,16.0
HCP91A,1542407404099,16.0
HCP91A,1542411000652,16.0
HCP91A,1542414596955,16.0
HCP91A,1542418202225,17.0
HCP91A,1542421799291,16.0
HCP91A,1542425399699,16.0
HCP91A,1542428999746,16.0
HCP91A,1542432602583,17.0
HCP91A,1542436202452,17.0
HCP91A,1542439805696,17.0
HCP91A,1542443403625,16.0
HCP91A,1542446996847,16.0
HCP91A,1542450603668,17.0
HCP91A,1542454205721,17.0
HCP91A,1542457800959,17.0
HCP91A,1542461403699,17.0
HCP91A,1542464998499,16.0
HCP91A,1542468604154,16.0
HCP91A,1542472197699,16.0
HCP91A,1542475797246,17.0
HCP91A,1542479400809,16.0
HCP91A,1542482998958,17.0
HCP91A,1542486599850,16.0
HCP91A,1542490198926,16.0
HCP91A,1542493802388,16.0
HCP91A,1542497401796,16.0
HCP91A,1542500997688,17.0
HCP91A,1542504605458,16.0
HCP91A,1542508203633,16.0
HCP91A,1542511800797,16.0
HCP91A,1542515403571,17.0
HCP91A,1542519001643,17.0
HCP91A,1542522603200,16.0
HCP91A,1542526201530,17.0
HCP91A,1542529802053,16.0
HCP91A,1542533396380,17.0
HCP91A,1542537004899,16.0
HCP91A,1542540597648,17.0
HCP91A,1542544197224,17.0
HCP91A,1542547798092,17.0
HCP91A,1542551401421,17.0
HCP91A,1542554999270,17.0
HCP91A,1542558601737,16.0
HCP91A,1542562200928,17.0
HCP91A,1542565803012,16.0
HCP91A,1542569399779,16.0
HCP91A,1542573003543,17.0
HCP91A,1542576604131,16.0
HCP91A,1542580197328,17.0
HCP91A,1542583803009,16.0
HCP91A,1542587402387,17.0
HCP91A,1542591003504,16.0
HCP91A,1542594596507,16.0
HCP91A,1542598201070,16.0
HCP91A,1542601802928,17.0
HCP91A,1542605402835,17.0
HCP91A,1542608999489,16.0
HCP91A,1542612597016,17.0
HCP91A,1542616199906,17.0
HCP91A,1542619801678,16.0
HCP91A,1542623403215,16.0
HCP91A,1542626998846,16.0
HCP91A,1542630602911,17.0
HCP91A,1542634200879,17.0
HCP91A,1542637798358,16.0
HCP91A,1542641400835,16.0
HCP91A,1542644999410,17.0
HCP91A,1542648602668,17.0
HCP91A,1542652200103,17.0
HCP91A,1542655796892,17.0
HCP91A,1542659396389,17.0
HCP91A,1542662998217,16.0
HCP91A,1542666599254,17.0
HCP91A,1542670201326,17.0
HCP91A,1542673803188,17.0
HCP91A,1542677400926,16.0
HCP91A,1542681000680,16.0
HCP91A,1542684600322,17.0
HCP91A,1542688201391,17.0
HCP91A,1542691803524,17.0
HCP91A,1542695397063,16.0
HCP91A,1542698998163,16.0
HCP91A,1542702597654,16.0
HCP91A,1542706198517,16.0
HCP91A,1542709799546,16.0
HCP91A,1542713404156,16.0
HCP91A,1542716998700,16.0
HCP91A,1542720602673,16.0
HCP91A,1542724196751,17.0
HCP91A,1542727802285,17.0
HCP91A,1542731398614,17.0
HCP91A,1542734996325,16.0
HCP91A,1542738597507,17.0
HCP91A,1542742199716,16.0
HCP91A,1542745798539,17.0
HCP91A,1542749398068,17.0
HCP91A,1542753001285,17.0
HCP91A,1542756597414,17.0
HCP91A,1542760203843,17.0
HCP91A,1542763805936,16.0
HCP91A,1542767396649,17.0
HCP91A,1542770997397,17.0
HCP91A,1542774602553,16.0
HCP91A,1542778199935,16.0
HCP91A,1542781804624,17.0
HCP91A,1542785401480,16.0
HCP91A,1542789005035,17.0
HCP91A,1542792601240,17.0
HCP91A,1542796200754,16.0
HCP91A,1542799804056,17.0
HCP91A,1542803400502,16.0
HCP91A,1542807003556,17.0
HCP91A,1542810601318,17.0
HCP91A,1542814202735,17.0
HCP91A,1542817798204,17.0
HCP91A,1542821400367,16.0
HCP91A,1542824997670,17.0
HCP91A,1542828602953,16.0
HCP91A,1542832197808,17.0
HCP91A,1542835800918,16.0
HCP91A,1542839402334,17.0
HCP91A,1542842997316,16.0
HCP91A,1542846599942,16.0
HCP91A,1542850199753,16.0
HCP91A,1542853798011,17.0
HCP91A,1542857402529,17.0
HCP91A,1542860997093,16.0
HCP91A,1542864600808,17.0
HCP91A,1542868204926,17.0
HCP91A,1542871797459,17.0
HCP91A,1542875399607,16.0
HCP91A,1542878998312,17.0
HCP91A,1542882602407,16.0
HCP91A,1542886198380,17.0
HCP91A,1542889803573,17.0
HCP91A,1542893398348,16.0
HCP91A,1542896999756,17.0
HCP91A,1542900597301,16.0
HCP91A,1542904200204,16.0
HCP91A,1542907802509,16.0
HCP91A,1542911396209,17.0
HCP91A,1542915003828,17.0
HCP91A,1542918605340,16.0
HCP91A,1542922199269,16.0
HCP91A,1542925803151,16.0
HCP91A,1542929404597,17.0
HCP91A,1542932999990,17.0
HCP91A,1542936600381,17.0
HCP91A,1542940202848,17.0
HCP91A,1542943797843,16.0
HCP91A,1542947398747,17.0
HCP91A,1542951000404,16.0
HCP91A,1542954597758,17.0
HCP91A,1542958201454,17.0
HCP91A,1542961803825,17.0
HCP91A,1542965402505,16.0
HCP91A,1542969004825,16.0
HCP91A,1542972598628,17.0
HCP91A,1542976205119,16.0
HCP91A,1542979805677,16.0
HCP91A,1542983404831,16.0
HCP91A,1542987003402,17.0
HCP91A,1542990599917,17.0
HCP91A,1542994203460,17.0
HCP91A,1542997801715,16.0
HCP91A,1543001400594,17.0
HCP91A,1543005002727,16.0
HCP91A,1543008599810,17.0
HCP91A,1543012205001,16.0
HCP91A,1543015799987,16.0
HCP91A,1543019405625,16.0
HCP91A,1543023003599,17.0
HCP91A,1543026600565,17.0
HCP91A,1543030201350,16.0
HCP91A,1543033804914,17.0
HCP91A,1543037397205,17.0
HCP91A,1543041001889,16.0
HCP91A,1543044597077,16.0
HCP91A,1543048201538,16.0
HCP91A,1543051802847,16.0
HCP91A,1543055399766,17.0
HCP91A,1543058998956,16.0
HCP91A,1543062604445,17.0
HCP91A,1543066202890,16.0
HCP91A,1543069805231,16.0
HCP91A,1543073403049,16.0
HCP91A,1543077000295,16.0
HCP91A,1543080597221,17.0
HCP91A,1543084202795,17.0
HCP91A,1543087802589,16.0
HCP91A,1543091396952,17.0
HCP91A,1543095000066,16.0
HCP91A,1543098596986,17.0
HCP91A,1543102197371,16.0
HCP91A,1543105799143,16.0
HCP91A,1543109402564,17.0
HCP91A,1543112997436,16.0
HCP91A,1543116596821,17.0
HCP91A,1543120205345,16.0
HCP91A,1543123804064,16.0
HCP91A,1543127400806,17.0
HCP91A,1543131001908,17.0
HCP91A,1543134600320,16.0
HCP91A,1543138205310,16.0
HCP91A,1543141804094,16.0
HCP91A,1543145401774,17.0
HCP91A,1543148999766,16.0
HCP91A,1543152599878,17.0
HCP91A,1543156197356,16.0
HCP91A,1543159803279,16.0
HCP91A,1543163405249,16.0
HCP91A,1543167003749,17.0
HCP91A,1543170598889,17.0
HCP91A,1543174197523,16.0
HCP91A,1543177805158,16.0
HCP91A,1543181396664,16.0
HCP91A,1543185003186,16.0
HCP91A,1543188596919,17.0
HCP91A,1543192203977,16.0
HCP91A,1543195803341,16.0
HCP91A,1543199402371,17.0
HCP91A,1543202997661,17.0
HCP91A,1543206602704,16.0
HCP91A,1543210196567,17.0
HCP91A,1543213802893,16.0
HCP91A,1543217403670,17.0
HCP91A,1543220998740,17.0
HCP91A,1543224600408,17.0
HCP91A,1543228200418,16.0
HCP91A,1543231805047,17.0
HCP91A,1543235396209,17.0
HCP91A,1543239005542,17.0
HCP91A,1543242596821,16.0
HCP91A,1543246196807,16.0
HCP91A,1543249800899,17.0
HCP91A,1543253396888,16.0
HCP91A,1543256998237,16.0
HCP91A,1543260602829,17.0
HCP91A,1543264197177,17.0
HCP91A,1543267805607,16.0
HCP91A,1543271399472,17.0
HCP91A,1543274996851,16.0
HCP91A,1543278600548,17.0
HCP91A,1543282198656,17.0
HCP91A,1543285802186,17.0
HCP91A,1543289396391,17.0
HCP91A,1543292999574,17.0
HCP91A,1543296603294,17.0
HCP91A,1543300203669,16.0
HCP91A,1543303803783,17.0
HCP91A,1543307405029,16.0
HCP91A,1543311002721,16.0
HCP91A,1543314599344,16.0
HCP91A,1543318197650,17.0
HCP91A,1543321803383,16.0
HCP91A,1543325396508,17.0
HCP91A,1543328999226,16.0
HCP91A,1543332604059,16.0
HCP91A,1543336200324,16.0
HCP91A,1543339802368,17.0
HCP91A,1543343403381,17.0
HCP91A,1543347005367,17.0
HCP91A,1543350603417,17.0
HCP91A,1543354204628,16.0
HCP91A,1543357802037,16.0
HCP91A,1543361396460,17.0
HCP91A,1543364998769,16.0
HCP91A,1543368598046,17.0
HCP91A,1543372196336,16.0
HCP91A,1543375796625,17.0
HCP91A,1543379404572,17.0
HCP91A,1543383003048,16.0
HCP91A,1543386603358,16.0
HCP91A,1543390196242,16.0
HCP91A,1543393805242,17.0
HCP91A,1543397400574,16.0
HCP91A,1543401000712,17.0
HCP91A,1543404605914,16.0
HCP91A,1543408200478,17.0
HCP91A,1543411804348,16.0
HCP91A,1543415398762,16.0
HCP91A,1543419004953,17.0
HCP91A,1543422597228,17.0
HCP91A,1543426197922,17.0
HCP91A,1543429804818,16.0
HCP91A,1543433402302,16.0
HCP91A,1543436996109,16.0
HCP91A,1543440598993,16.0
HCP91A,1543444202848,16.0
HCP91A,1543447802059,17.0
HCP91A,1543451403432,16.0
HCP91A,1543454998541,17.0
HCP91A,1543458601253,17.0
HCP91A,1543462199445,16.0
HCP91A,1543465805848,16.0
HCP91A,1543469399834,17.0
HCP91A,1543473002071,17.0
HCP91A,1543476597299,17.0
HCP91A,1543480200970,17.0
HCP91A,1543483804465,17.0
HCP91A,1543487403529,16.0
HCP91A,1543490996972,17.0
HCP91A,1543494601006,17.0
HCP91A,1543498196506,17.0
HCP91A,1543501799812,16.0
HCP91A,1543505403642,16.0
HCP91A,1543509005907,17.0
HCP91A,1543512598720,17.0
HCP91A,1543516200403,17.0
HCP91A,1543519796283,16.0
HCP91A,1543523396732,16.0
HCP91A,1543527001730,17.0
HCP91A,1543530596960,16.0
HCP91A,1543534199949,16.0
HCP91A,1543537798847,17.0
HCP91A,1543541398702,17.0
HCP91A,1543545003129,17.0
HCP91A,1543548602895,17.0
HCP91A,1543552203890,17.0
HCP91A,1543555799910,17.0
HCP91A,1543559398639,16.0
HCP91A,1543563000053,17.0
HCP91A,1543566604062,16.0
HCP91A,1543570204445,17.0
HCP91A,1543573805123,16.0
HCP91A,1543577400193,17.0
HCP91A,1543581003310,17.0
HCP91A,1543584600888,17.0
HCP91A,1543588197481,17.0
HCP91A,1543591805116,16.0
HCP91A,1543595404751,16.0
HCP91A,1543599000687,16.0
HCP91A,1543602598359,16.0
HCP91A,1543606200300,16.0
HCP91A,1543609799694,16.0
HCP91A,1543613397691,16.0
HCP91A,1543616999540,16.0
HCP91A,1543620602957,17.0
HCP91A,1543624197423,16.0
HCP91A,1543627804551,17.0
HCP91A,1543631396891,16.0
HCP91A,1543635005243,17.0
HCP91A,1543638597122,16.0
HCP91A,1543642200817,16.0
HCP91A,1543645798838,16.0
HCP91A,1543649396659,17.0
HCP91A,1543652999037,17.0
HCP91A,1543656603079,16.0
HCP91A,1543660202693,17.0
HCP91A,1543663805799,16.0
HCP91A,1543667397126,16.0
HCP91A,1543671002668,16.0
HCP91A,1543674605527,16.0
HCP91A,1543678196360,17.0
HCP91A,1543681800616,17.0
HCP91A,1543685396978,17.0
HCP91A,1543688999805,16.0
HCP91A,1543692603052,16.0
HCP91A,1543696204075,16.0
HCP91A,1543699803679,17.0
HCP91A,1543703400172,16.0
HCP91A,1543706999991,16.0
HCP91A,1543710596574,16.0
HCP91A,1543714200282,16.0
HCP91A,1543717798137,16.0
HCP91A,1543721397507,16.0
HCP91A,1543725002270,17.0
HCP91A,1543728600157,17.0
HCP91A,1543732202749,16.0
HCP91A,1543735801386,17.0
HCP91A,1543739405182,16.0
HCP91A,1543743003298,16.0
HCP91A,1543746598528,17.0
HCP91A,1543750202248,16.0
HCP91A,1543753801454,17.0
HCP91A,1543757396263,16.0
HCP91A,1543760999726,16.0
HCP91A,1543764599836,17.0
HCP91A,1543768197702,16.0
HCP91A,1543771805644,16.0
HCP91A,1543775400343,16.0
HCP91A,1543778998005,17.0
HCP91A,1543782601562,16.0
HCP91A,1543786200913,17.0
HCP91A,1543789796952,16.0
HCP91A,1543793404982,17.0
HCP91A,1543797000612,16.0
HCP91A,1543800601403,17.0
HCP91A,1543804201381,17.0
HCP91A,1543807797492,17.0
HCP91A,1543811399552,17.0
HCP91A,1543815003278,16.0
HCP91A,1543818598945,16.0
HCP91A,1543822201876,17.0
HCP91A,1543825800280,17.0
HCP91A,1543829398673,16.0
HCP91A,1543833002385,17.0
HCP91A,1543836599408,16.0
HCP91A,1543840197597,17.0
HCP91A,1543843801934,16.0
HCP91A,1543847399662,17.0
HCP91A,1543851002865,16.0
HCP91A,1543854600096,16.0
HCP91A,1543858197233,17.0
HCP91A,1543861798562,16.0
HCP91A,1543865400707,16.0
HCP91A,1543868996226,16.0
HCP91A,1543872604134,17.0
HCP91A,1543876198952,16.0
HCP91A,1543879801318,17.0
HCP91A,1543883398298,17.0
HCP91A,1543887005853,16.0
HCP91A,1543890605757,16.0
HCP91A,1543894201689,16.0
HCP91A,1543897801613,16.0
HCP91A,1543901405687,16.0
HCP91A,1543905005075,16.0
HCP91A,1543908605438,17.0
HCP91A,1543912197508,16.0
HCP91A,1543915798312,16.0
HCP91A,1543919398474,16.0
HCP91A,1543922999178,16.0
HCP91A,1543926605403,17.0
HCP91A,1543930200708,16.0
HCP91A,1543933798662,17.0
HCP91A,1543937401812,16.0
HCP91A,1543940996158,17.0
HCP91A,1543944604180,16.0
HCP91A,1543948196366,17.0
HCP91A,1543951804995,17.0
HCP91A,1543955398796,17.0
HCP91A,1543959005440,17.0
HCP91A,1543962603833,16.0
HCP91A,1543966199714,17.0
HCP91A,1543969805333,16.0
HCP91A,1543973402676,17.0
HCP91A,1543977005393,16.0
HCP91A,1543980596669,17.0
HCP91A,1543984199309,17.0
HCP91A,1543987797773,16.0
HCP91A,1543991403522,17.0
HCP91A,1543994998467,16.0
HCP91A,1543998605881,16.0
HCP91A,1544002202762,17.0
HCP91A,1544005802217,16.0
HCP91A,1544009399683,17.0
HCP91A,1544013004734,17.0
HCP91A,1544016603485,17.0
HCP91A,1544020201302,16.0
HCP91A,1544023801632,17.0
HCP91A,1544027397479,17.0
HCP91A,1544031000553,17.0
HCP91A,1544034601612,16.0
HCP91A,1544038199647,17.0
HCP91A,1544041804525,16.0
HCP91A,1544045396979,16.0
HCP91A,1544049000333,16.0
HCP91A,1544052605814,16.0
HCP91A,1544056202687,16.0
HCP91A,1544059797267,16.0
HCP91A,1544063405409,17.0
HCP91A,1544066996828,17.0
HCP91A,1544070601177,16.0
HCP91A,1544074198290,16.0
HCP91A,1544077803533,16.0
HCP91A,1544081399661,17.0
HCP91A,1544085002206,17.0
HCP91A,1544088605083,16.0
HCP91A,1544092198334,16.0
HCP91A,1544095797477,17.0
HCP91A,1544099401087,17.0
HCP91A,1544103002700,17.0
HCP91A,1544106604605,17.0
HCP91A,1544110199857,16.0
HCP91A,1544113803491,17.0
HCP91A,1544117404195,16.0
HCP91A,1544121001914,17.0
HCP91A,1544124597267,17.0
HCP91A,1544128198335,17.0
HCP91A,1544131800771,16.0
HCP91A,1544135401379,17.0
HCP91A,1544138998925,16.0
HCP91A,1544142603469,17.0
HCP91A,1544146199310,17.0
HCP91A,1544149801739,17.0
HCP91A,1544153405826,17.0
HCP91A,1544156999863,17.0
HCP91A,1544160604250,17.0
HCP91A,1544164202101,17.0
HCP91A,1544167798729,17.0
HCP91A,1544171401082,16.0
HCP91A,1544175003406,17.0
HCP91A,1544178598504,16.0
HCP91A,1544182198412,17.0
HCP91A,1544185802853,17.0
HCP91A,1544189402324,17.0
HCP91A,1544192999595,17.0
HCP91A,1544196598371,17.0
HCP91A,1544200200617,16.0
HCP91A,1544203796934,17.0
HCP91A,1544207405223,17.0
HCP91A,1544211001339,17.0
HCP91A,1544214599209,17.0
HCP91A,1544218196067,17.0
HCP91A,1544221802090,17.0
HCP91A,1544225402834,17.0
HCP91A,1544229001208,17.0
HCP91A,1544232602360,16.0
HCP91A,1544236203935,17.0
HCP91A,1544239798650,17.0
HCP91A,1544243402319,16.0
HCP91A,1544247001977,17.0
HCP91A,1544250596793,16.0
HCP91A,1544254198467,17.0
HCP91A,1544257796502,17.0
HCP91A,1544261399207,17.0
HCP91A,1544265004103,16.0
HCP91A,1544268604115,16.0
HCP91A,1544272202856,16.0
HCP91A,1544275799929,17.0
HCP91A,1544279396558,17.0
HCP91A,1544282997247,17.0
HCP91A,1544286603457,16.0
HCP91A,1544290202262,16.0
HCP91A,1544293799860,16.0
HCP91A,1544297402353,17.0
HCP91A,1544300998145,16.0
HCP91A,1544304601654,16.0
HCP91A,1544308198625,16.0
HCP91A,1544311796530,16.0
HCP91A,1544315404888,16.0
HCP91A,1544318999238,16.0
HCP91A,1544322596366,16.0
HCP91A,1544326196863,17.0
HCP91A,1544329796009,17.0
HCP91A,1544333402434,17.0
HCP91A,1544337000183,17.0
HCP91A,1544340602789,17.0
HCP91A,1544344201529,16.0
HCP91A,1544347796730,17.0
HCP91A,1544351403290,17.0
HCP91A,1544354999638,17.0
HCP91A,1544358601470,17.0
HCP91A,1544362200431,17.0
HCP91A,1544365805336,16.0
HCP91A,1544369399747,16.0
HCP91A,1544372996147,17.0
HCP91A,1544376601621,17.0
HCP91A,1544380196832,17.0
HCP91A,1544383804562,17.0
HCP91A,1544387397264,17.0
HCP91A,1544391005200,17.0
HCP91A,1544394601800,16.0
HCP91A,1544398205575,16.0
HCP91A,1544401802707,16.0
HCP91A,1544405400617,16.0
HCP91A,1544409003382,17.0
HCP91A,1544412604029,17.0
HCP91A,1544416203660,16.0
HCP91A,1544419799864,16.0
HCP91A,1544423396320,17.0
HCP91A,1544426999612,17.0
HCP91A,1544430599674,17.0
HCP91A,1544434196649,16.0
HCP91A,1544437797490,16.0
HCP91A,1544441399041,16.0
HCP91A,1544444998737,17.0
HCP91A,1544448599641,16.0
HCP91A,1544452201094,17.0
HCP91A,1544455799834,16.0
HCP91A,1544459404837,17.0
HCP91A,1544463005943,16.0
HCP91A,1544466603419,16.0
HCP91A,1544470200409,17.0
HCP91A,1544473803469,16.0
HCP91A,1544477404533,17.0
HCP91A,1544480998928,17.0
HCP91A,1544484602158,17.0
HCP91A,1544488202706,17.0
HCP91A,1544491803494,16.0
HCP91A,1544495404759,16.0
HCP91A,1544499003119,17.0
HCP91A,1544502599311,17.0
HCP91A,1544506199872,17.0
HCP91A,1544509799620,16.0
HCP91A,1544513405682,17.0
HCP91A,1544517001681,17.0
HCP91A,1544520602441,16.0
HCP91A,1544524201581,17.0
HCP91A,1544527799806,17.0
HCP91A,1544531402582,17.0
HCP91A,1544535001771,17.0
HCP91A,1544538599801,17.0
HCP91A,1544542197727,17.0
HCP91A,1544545804911,17.0
HCP91A,1544549403505,16.0
HCP91A,1544553001987,16.0
HCP91A,1544556596961,16.0
HCP91A,1544560198799,16.0
HCP91A,1544563803704,16.0
HCP91A,1544567396918,16.0
HCP91A,1544571004498,16.0
HCP91A,1544574600251,17.0
HCP91A,1544578199809,17.0
HCP91A,1544581798800,17.0
HCP91A,1544585405537,16.0
HCP91A,1544589003098,16.0
HCP91A,1544592604972,17.0
HCP91A,1544596200465,16.0
HCP91A,1544599796659,16.0
HCP91A,1544603404916,17.0
HCP91A,1544607000588,16.0
HCP91A,1544610600762,16.0
HCP91A,1544614203050,17.0
HCP91A,1544617801573,16.0
HCP91A,1544621398263,17.0
HCP91A,1544624997440,17.0
HCP91A,1544628603038,16.0
HCP91A,1544632200297,17.0
HCP91A,1544635799988,17.0
HCP91A,1544639405400,17.0
HCP91A,1544643000646,16.0
HCP91A,1544646599871,16.0
HCP91A,1544650199613,16.0
HCP91A,1544653803563,16.0
HCP91A,1544657398973,16.0
HCP91A,1544661001671,16.0
HCP91A,1544664601709,16.0
HCP91A,1544668198401,16.0
HCP91A,1544671803375,16.0
HCP91A,1544675401109,17.0
HCP91A,1544679003680,16.0
HCP91A,1544682603383,16.0
HCP91A,1544686196091,16.0
HCP91A,1544689804685,17.0
HCP91A,1544693400327,17.0
HCP91A,1544697003882,17.0
HCP91A,1544700597648,16.0
HCP91A,1544704200199,16.0
HCP91A,1544707799202,17.0
HCP91A,1544711399819,16.0
HCP91A,1544715001874,16.0
HCP91A,1544718599498,17.0
HCP91A,1544722205414,17.0
HCP91A,1544725805067,17.0
HCP91A,1544729401716,16.0
HCP91A,1544733001298,17.0
HCP91A,1544736605879,17.0
HCP91A,1544740202926,17.0
HCP91A,1544743804092,17.0
HCP91A,1544747399244,16.0
HCP91A,1544750996636,16.0
HCP91A,1544754596841,17.0
HCP91A,1544758204036,16.0
HCP91A,1544761801079,17.0
HCP91A,1544765401232,17.0
HCP91A,1544769005526,16.0
HCP91A,1544772604757,16.0
HCP91A,1544776197170,17.0
HCP91A,1544779802236,17.0
HCP91A,1544783405308,17.0
HCP91A,1544787002476,16.0
HCP91A,1544790596914,17.0
HCP91A,1544794196624,16.0
HCP91A,1544797802617,17.0
HCP91A,1544801405766,17.0
HCP91A,1544805001866,16.0
HCP91A,1544808597273,17.0
HCP91A,1544812200218,17.0
HCP91A,1544815805621,17.0
HCP91A,1544819396642,17.0
HCP91A,1544823001305,16.0
HCP91A,1544826601694,17.0
HCP91A,1544830197579,16.0
HCP91A,1544833802435,16.0
HCP91A,1544837405956,17.0
HCP91A,1544840999225,17.0
HCP91A,1544844598395,17.0
HCP91A,1544848202471,16.0
HCP91A,1544851799823,17.0
HCP91A,1544855404092,16.0
HCP91A,1544859003837,16.0
HCP91A,1544862600811,17.0
HCP91A,1544866201568,17.0
HCP91A,1544869804255,16.0
HCP91A,1544873397528,16.0
HCP91A,1544877005726,16.0
HCP91A,1544880601731,16.0
HCP91A,1544884196570,17.0
HCP91A,1544887802263,17.0
HCP91A,1544891397856,17.0
HCP91A,1544894996608,17.0
HCP91A,1544898599813,17.0
HCP91A,1544902199398,16.0
HCP91A,1544905802262,16.0
HCP91A,1544909401575,17.0
HCP91A,1544913002364,16.0
HCP91A,1544916604004,16.0
HCP91A,1544920198754,16.0
HCP91A,1544923805639,16.0
HCP91A,1544927397214,17.0
HCP91A,1544930997360,16.0
HCP91A,1544934599757,16.0
HCP91A,1544938198288,16.0
HCP91A,1544941800619,16.0
HCP91A,1544945400862,17.0
HCP91A,1544948999407,17.0
HCP91A,1544952603542,17.0
HCP91A,1544956196420,16.0
HCP91A,1544959802897,16.0
HCP91A,1544963405954,17.0
HCP91A,1544966997294,17.0
HCP91A,1544970597500,17.0
HCP91A,1544974198752,16.0
HCP91A,1544977797925,17.0
HCP91A,1544981398080,17.0
HCP91A,1544985001259,17.0
HCP91A,1544988599794,16.0
HCP91A,1544992205236,16.0
HCP91A,1544995797941,17.0
HCP91A,1544999402999,16.0
HCP91A,1545003003363,16.0
HCP91A,1545006603538,17.0
HCP91A,1545010196569,17.0
HCP91A,1545013803306,16.0
HCP91A,1545017398063,16.0
HCP91A,1545020996305,16.0
HCP91A,1545024600807,17.0
HCP91A,1545028203281,16.0
HCP91A,1545031802660,17.0
HCP91A,1545035400854,17.0
HCP91A,1545039004801,16.0
HCP91A,1545042597448,17.0
HCP91A,1545046197938,16.0
HCP91A,1545049801127,16.0
HCP91A,1545053400007,17.0
HCP91A,1545056997921,17.0
HCP91A,1545060604011,17.0
HCP91A,1545064200782,17.0
HCP91A,1545067805276,16.0
HCP91A,1545071399036,17.0
HCP91A,1545075000613,17.0
HCP91A,1545078598789,16.0
HCP91A,1545082196886,16.0
HCP91A,1545085803837,16.0
HCP91A,1545089401604,16.0
HCP91A,1545093005049,17.0
HCP91A,1545096600093,16.0
HCP91A,1545100204795,16.0
HCP91A,1545103799635,17.0
HCP91A,1545107397194,17.0
HCP91A,1545111004744,16.0
HCP91A,1545114604253,16.0
HCP91A,1545118197146,16.0
HCP91A,1545121798647,17.0
HCP91A,1545125401973,17.0
HCP91A,1545129000845,16.0
HCP91A,1545132605206,16.0
HCP91A,1545136203347,17.0
HCP91A,1545139800223,16.0
HCP91A,1545143399974,17.0
HCP91A,1545147002518,16.0
HCP91A,1545150600452,17.0
HCP91A,1545154201431,16.0
HCP91A,1545157799239,16.0
HCP91A,1545161398777,16.0
HCP91A,1545164999952,17.0
HCP91A,1545168605406,17.0
HCP91A,1545172203135,17.0
HCP91A,1545175805331,17.0
HCP91A,1545179405632,16.0
HCP91A,1545183005495,16.0
HCP91A,1545186604433,16.0
HCP91A,1545190199303,16.0
HCP91A,1545193798047,17.0
HCP91A,1545197402550,17.0
HCP91A,1545200999823,16.0
HCP91A,1545204599867,17.0
HCP91A,1545208196345,16.0
HCP91A,1545211805925,16.0
HCP91A,1545215405872,16.0
HCP91A,1545219000617,17.0
HCP91A,1545222601454,16.0
HCP91A,1545226202172,17.0
HCP91A,1545229805308,17.0
HCP91A,1545233396058,17.0
HCP91A,1545237003598,16.0
HCP91A,1545240604997,17.0
HCP91A,1545244196028,17.0
HCP91A,1545247805451,16.0
HCP91A,1545251401212,17.0
HCP91A,1545255005136,16.0
HCP91A,1545258603773,17.0
HCP91A,1545262203514,16.0
HCP91A,1545265804701,16.0
HCP91A,1545269401434,16.0
HCP91A,1545273002843,16.0
HCP91A,1545276603975,16.0
HCP91A,1545280205560,17.0
HCP91A,1545283803317,16.0
HCP91A,1545287403623,17.0
HCP91A,1545290996148,17.0
HCP91A,1545294601253,16.0
HCP91A,1545298197317,17.0
HCP91A,1545301800691,16.0
HCP91A,1545305403271,17.0
HCP91A,1545309003712,16.0
HCP91A,1545312597663,16.0
HCP91A,1545316202786,16.0
HCP91A,1545319796932,17.0
HCP91A,1545323400148,17.0
HCP91A,1545326999338,16.0
HCP91A,1545330605803,17.0
HCP91A,1545334202854,17.0
HCP91A,1545337797170,17.0
HCP91A,1545341397199,16.0
HCP91A,1545345000805,16.0
HCP91A,1545348596613,16.0
HCP91A,1545352205177,16.0
HCP91A,1545355802554,16.0
HCP91A,1545359401257,16.0
HCP91A,1545362998110,17.0
HCP91A,1545366596877,16.0
HCP91A,1545370202488,16.0
HCP91A,1545373800996,17.0
HCP91A,1545377404112,17.0
HCP91A,1545381003794,16.0
HCP91A,1545384600088,16.0
HCP91A,1545388205796,16.0
HCP91A,1545391804010,16.0
HCP91A,1545395404351,17.0
HCP91A,1545399003356,16.0
HCP91A,1545402605096,17.0
HCP91A,1545406196976,16.0
HCP91A,1545409804542,17.0
HCP91A,1545413402280,17.0
HCP91A,1545417000563,16.0
HCP91A,1545420599269,16.0
HCP91A,1545424197064,17.0
HCP91A,1545427796223,16.0
HCP91A,1545431405335,16.0
HCP91A,1545435004111,16.0
HCP91A,1545438598955,17.0
HCP91A,1545442204186,17.0
HCP91A,1545445805115,17.0
HCP91A,1545449405816,16.0
HCP91A,1545452999781,16.0
HCP91A,1545456599970,17.0
HCP91A,1545460199270,16.0
HCP91A,1545463801001,17.0
HCP91A,1545467404311,16.0
HCP91A,1545471002322,16.0
HCP91A,1545474601731,16.0
HCP91A,1545478200431,16.0
HCP91A,1545481800309,16.0
HCP91A,1545485398456,17.0
HCP91A,1545489005789,17.0
HCP91A,1545492602408,17.0
HCP91A,1545496205458,17.0
HCP91A,1545499802163,17.0
HCP91A,1545503404578,16.0
HCP91A,1545506998484,17.0
HCP91A,1545510597782,16.0
HCP91A,1545514200308,16.0
HCP91A,1545517804002,16.0
HCP91A,1545521404582,17.0
HCP91A,1545524996857,17.0
HCP91A,1545528602766,17.0
HCP91A,1545532205391,17.0
HCP91A,1545535799665,17.0
HCP91A,1545539403623,16.0
HCP91A,1545542997800,16.0
HCP91A,1545546599052,17.0
HCP91A,1545550199085,16.0
HCP91A,1545553805724,16.0
HCP91A,1545557398231,17.0
HCP91A,1545561005264,17.0
HCP91A,1545564599233,17.0
HCP91A,1545568202567,16.0
HCP91A,1545571796470,16.0
HCP91A,1545575399073,17.0
HCP91A,1545579002328,17.0
HCP91A,1545582602744,16.0
HCP91A,1545586196991,16.0
HCP91A,1545589804826,16.0
HCP91A,1545593398926,16.0
HCP91A,1545597001923,16.0
HCP91A,1545600597905,16.0
HCP91A,1545604204679,17.0
HCP91A,1545607800978,16.0
HCP91A,1545611397661,17.0
HCP91A,1545614997530,16.0
HCP91A,1545618602598,17.0
HCP91A,1545622198820,17.0
HCP91A,1545625801131,17.0
HCP91A,1545629397659,17.0
HCP91A,1545633002582,16.0
HCP91A,1545636596325,17.0
HCP91A,1545640205464,16.0
HCP91A,1545643800761,16.0
HCP91A,1545647398185,17.0
HCP91A,1545651003003,16.0
HCP91A,1545654598765,16.0
HCP91A,1545658202440,17.0
HCP91A,1545661799107,16.0
HCP91A,1545665398908,17.0
HCP91A,1545669002984,17.0
HCP91A,1545672603264,16.0
HCP91A,1545676198425,16.0
HCP91A,1545679801248,17.0
HCP91A,1545683402760,17.0
HCP91A,1545686996569,16.0
HCP91A,1545690602581,17.0
HCP91A,1545694198993,17.0
HCP91A,1545697802636,17.0
HCP91A,1545701402112,16.0
HCP91A,1545705000382,16.0
HCP91A,1545708598092,17.0
HCP91A,1545712198249,17.0
HCP91A,1545715798401,16.0
HCP91A,1545719402178,17.0
HCP91A,1545722999807,17.0
HCP91A,1545726602227,17.0
HCP91A,1545730199453,17.0
HCP91A,1545733801918,16.0
HCP91A,1545737404714,17.0
HCP91A,1545740996016,17.0
HCP91A,1545744603939,17.0
HCP91A,1545748204834,16.0
HCP91A,1545751802703,16.0
HCP91A,1545755403866,17.0
HCP91A,1545758999400,16.0
HCP91A,1545762605712,17.0
HCP91A,1545766203460,16.0
HCP91A,1545769798843,17.0
HCP91A,1545773399201,16.0
HCP91A,1545776997066,16.0
HCP91A,1545780598398,16.0
HCP91A,1545784202720,16.0
HCP91A,1545787798853,17.0
HCP91A,1545791398329,17.0
HCP91A,1545795001269,16.0
HCP91A,1545798598568,17.0
HCP91A,1545802202173,16.0
HCP91A,1545805798530,16.0
HCP91A,1545809397156,16.0
HCP91A,1545812996004,17.0
HCP91A,1545816601221,17.0
HCP91A,1545820202848,17.0
HCP91A,1545823803560,16.0
HCP91A,1545827403910,17.0
HCP91A,1545831001498,16.0
HCP91A,1545834597167,17.0
HCP91A,1545838205661,17.0
HCP91A,1545841804772,16.0
HCP91A,1545845402028,16.0
HCP91A,1545848996716,17.0
HCP91A,1545852598662,17.0
HCP91A,1545856201924,16.0
HCP91A,1545859803483,17.0
HCP91A,1545863398936,16.0
HCP91A,1545867002564,16.0
HCP91A,1545870603183,17.0
HCP91A,1545874205307,17.0
HCP91A,1545877805155,16.0
HCP91A,1545881400523,16.0
HCP91A,1545885002271,16.0
HCP91A,1545888599234,17.0
HCP91A,1545892204627,16.0
HCP91A,1545895804961,16.0
HCP91A,1545899398243,16.0
HCP91A,1545903005238,16.0
HCP91A,1545906600925,17.0
HCP91A,1545910205360,17.0
HCP91A,1545913802519,16.0
HCP91A,1545917403441,16.0
HCP91A,1545921005304,17.0
HCP91A,1545924603297,16.0
HCP91A,1545928198846,17.0
HCP91A,1545931800110,16.0
HCP91A,1545935399742,16.0
HCP91A,1545939005345,17.0
HCP91A,1545942599114,17.0
HCP91A,1545946200331,16.0
HCP91A,1545949800316,16.0
HCP91A,1545953404142,17.0
HCP91A,1545957005552,17.0
HCP91A,1545960603943,16.0
HCP91A,1545964198591,16.0
HCP91A,1545967795992,17.0
HCP91A,1545971402311,16.0
HCP91A,1545974996355,17.0
HCP91A,1545978599494,17.0
HCP91A,1545982203826,17.0
HCP91A,1545985802551,16.0
HCP91A,1545989401026,16.0
HCP91A,1545992999924,16.0
HCP91A,1545996597567,17.0
HCP91A,1546000205179,16.0
HCP91A,1546003799787,16.0
HCP91A,1546007400957,17.0
HCP91A,1546010996103,17.0
HCP91A,1546014602256,16.0
HCP91A,1546018205251,16.0
HCP91A,1546021800694,17.0
HCP91A,1546025405378,16.0
HCP91A,1546029000310,16.0
HCP91A,1546032597813,16.0
HCP91A,1546036196887,16.0
HCP91A,1546039796745,17.0
HCP91A,1546043402412,16.0
HCP91A,1546047005532,17.0
HCP91A,1546050599274,16.0
HCP91A,1546054199177,17.0
HCP91A,1546057797109,17.0
HCP91A,1546061402724,17.0
HCP91A,1546065001355,17.0
HCP91A,1546068599937,16.0
HCP91A,1546072197703,17.0
HCP91A,1546075805854,16.0
HCP91A,1546079402791,17.0
HCP91A,1546082998513,17.0
HCP91A,1546086602553,16.0
HCP91A,1546090204587,17.0
HCP91A,1546093805438,17.0
HCP91A,1546097397818,16.0
HCP91A,1546100997730,16.0
HCP91A,1546104605662,16.0
HCP91A,1546108197187,17.0
HCP91A,1546111797826,16.0
HCP91A,1546115401614,16.0
HCP91A,1546119000060,16.0
HCP91A,1546122600952,16.0
HCP91A,1546126201487,16.0
HCP91A,1546129796905,16.0
HCP91A,1546133405388,17.0
HCP91A,1546137000437,16.0
HCP91A,1546140599017,17.0
HCP91A,1546144202323,16.0
HCP91A,1546147801705,17.0
HCP91A,1546151400671,16.0
HCP91A,1546155004874,16.0
HCP91A,1546158604557,16.0
HCP91A,1546162204941,16.0
HCP91A,1546165803331,16.0
HCP91A,1546169405215,16.0
HCP91A,1546173002552,16.0
HCP91A,1546176601557,16.0
HCP91A,1546180201018,17.0
HCP91A,1546183797990,16.0
HCP91A,1546187404378,17.0
HCP91A,1546190997858,16.0
